8805;6197;4146;8983;6765;1613;1275;1718;3195;794;1128;6686;8332;5345;7575;1847;8639;7417;5095;6787;2223;2794
975;4883;7871;4186;2196;8374;2869;6510;9063;6146;7897;6688;5299;9963;4953;9529;2727
2655;6420;1383;2183;1520;6537;8980;3642
833;4257;4618;3882;3732;6459;4464;2848;5705;667;6760;3846;4053;8133;9972;3072;7102;271;6694
2258;9353;8902;9046;5035;9457;3779;3820;4235
9997;2162;3921;8770
6924;5870;1392;5743;4889
7055;5422;9639;4459;3973;4498;5385;5974;2686;1379;9503;5975;9718;9049;5643;9860;5275;1692
8949;9128;5129;629;7283;3618;7093;1610;9834;5884;5291;1944;2614;8645
8347;9981;7507;2472;9280;1449;7000;61;516;2264;6641;5302;4306;6660;2705;7849;7191;9580
5857;6975;139;5522;2390;4767;3178;7174
7826;4273;145;2816;8982;1781;8244;6920;2190;8724;9566;2937;2876;7543;404;3719
9339;2168;6957;4370;1920;9612;2442;958;7589;4637;8187;8971;8794;8851
2973;4554;3208;1828;5616;590;1982;3960;8841;1259;1036;6159;4834;676;5000;8316
2431;9918;3649;5510;5326;7039;5074;5485;6578;7268;9517;272;4904;8708
8730;989;5271;8214;1309;3105;850
6515;7665;1253;9009;5174;9212;9650;206;7905
5032;86;4426;4023;2518;4368;5856;7012;3724
6232;7089;6026
6317;7878;3390;4068;7734;6678;9171;9929;8814;1361;9490
3328;3352;3367;7338;7722;9706;2221;4392
6161;744;6304;8458;9051;7011;7491;9933
6797;5594;805;9638;5524;4702;4115;1924;8012;7374;2139;8950;435;266;3605;6073;455
2095;1285;1813;8915;1849;4481;4366;9041;4022;2112;8085;9913;2777;4479;6370;8978;2699;3994
8747;8445;1562;5631;7019;6305;374;8746;4388;1162;3272;8003;2489;5453;5317;802
7281;876;4298;8304;7883;2497;2979;9754
2703;4848;4303;4362;5996;6088;8130;4506;8418;1375;4110;8861;4574;1458;149
9326;3713;733;8873;6185;8000
370;1391;4202;1584;6724;170
6883;6465;3081;4759;1754
801;1806;2748;130;9206;4387;1783;8455
7860;3005;7049;6103;8673;1186;4917
4586;4858;9426;6126;9470;9835;6595;8249;9547;9965;4806;6979
7580;1323;3469;2916;80;3652;5650;545;6499;1108;7959;5545;8306;4750
8831;437;2002;9279;2102;3717;5761;3271
2204;3634;8964;4687;1225;8145;9391;9106
2633;6217;5062;6617;1909;5215;9147;740;3664;4583;6950;1234
4849;3410;4754;9714;8415;9395;8807;8583;6698;6731;3249;8697;8002
9499;6992;2045;5314
2701;3108;8037;6137;5926;3868;5708;4474;5071;6096;2877
1541;4381;6284;7044;6837;1698;2289;6875;9992
3963;4522;2150;4981;2942
616;8801;638;3548;6861;3676;2277;5292;8238;7529;5978;1771;1989;9936;1159;1880;1279
1831;3268;6263;6077;412;5213;2663;6785;904;2603;9172;781;5268
2540;2424;3485;9788;9712;5287;9157;644;6474;6656
2846;5849
1297;4071;2232;3135;8551;3036;5656
9502;9849;6369;4279;9422;6294;5113;3785;6260;1643;3547
5687;4034;3582;5339;1619;9140;6353;8939;1363;3134;1957;8744;7614;7840;1071;3190;8065;1519;3922
3574;8675
9670;1782;109;3429;4825;6799;3038;1679;683;6985;6430;7998;3578;3114
194;5397;5603;1164;8223;6946;4320;9778;9630;3778;255;2407;3758;4236;9550;5778;309;2546;7330;6863;8933
1652;2507;9613;5807;2535;372;7570;7198;95;3090
9500;5716;5133;3811;2177;9515
7127;6276;5084;6558;2124;3876;3222
317;7382;6113;3391;9799
7211;4327;1556;961;9417;5461;8437;2792
4429;1325;3363;2462;6496;523;7067;232;2422
1575;2427;574;7884;7124;5538;7042;1447;4503;5068;1292;3510;3296;1373;3637;5311;1395
4448;9416;8183;7951;6359;933;8427;8911;7673;8376;4755;9806;9584;7561
1094;1967;6015;611;3373;5424;5119
5854;1769;557;2189;3244;457;9468
1427;6000;929;2441;8596;9223;113;9078;245;7966
9574;1747;470;5802;9104;8847;467;6269;9123;8499;9903
9188;8324;9514;5924;2859;4478;1077;5604;8704;633;7068;2813;4304;1732;7708
4996;3540;1647;7056;5744
1523;1991;954;1912;9496;5242;9453;5106;9029;2301;6382;7047
4427;9454;5645;5607;4798
704;2031;4561;2271;7306;8161;3992;3030;5635;4844;6842;1508;7448;4488;2064;4964
2586;6767;9875;8870;7513;8314;848;7546;2837;6665;8210
7473;9325
7426;1636;3687;6107;5928;450;8627;2184;2160;7308;9214;531;2506
9617;793;3945;9815;4355;6907;2900;897
8483;5668;7552;3970
5386;4440;6970;9863;9967;4417;6395;436;728;5851;446;2421;2866;6389;6513;6337;7983;2779;4218;8533
1122;684;3972;9366
8733;2413;4794;7173;3982;9054;1632;3670;8624;6773;5988
7116;908;8370;2405;9276;3655;6227;5347;5482;3911;6711
9691;2498;4466;5576;8215;6880;9284;3420;4933;8659;9235;3150;986;1980;5534;7428
2222;4644;1925;9575;1107;4882;9558;8545;7236;3989;402;8310;6313;1306;4219;6336
3197;7004;5226;7729;2419;1595;8636;9311;5186;9695;3498;5137;5210;3725;83;6340;2891
8481;2589;3404;1345;5438;2682;5157;3769;5107;1060
4869;8852;6006;2292;3952;8121;5369;2652;4610
2962;1876;9351;9487;9723;60;6174;6;5269;6923;9555;8254
9744;8144;4641;1877;4316;323;5696;1787;8590
2694;4764
9653;5320;9218;4748;1844;6868
6094;5709;4942;2318;4914;6037;9560;873;9107;8041;2830;312
3227
2839;8815;9088;9226;7347;4628;5925;2969;3766;2019;7018;442;5316;1522;6172;449;1256;6183;9333
9662;6364;101;8063;2711;5578;6419;3587
5435;8204;6118;8587;1118;4566;1152;6469;2945;6244;2567;1720;3006;6794;4449
1750;5861;7380
9582;3744;5765;4824;5711;4160;353;5593
2401;5282;3948;2867;3112;2805;4592;6043;9412
3974;8898;2450;4793;5764;8491;1768;8593;3640;5248;8633;7148
7604;1065;1147;2178;6709;8278;3740;874;3523;2809;216;7726;7843;1100;5714;229;4675;3937;6594;4222
8957;464;7066;7237;1344;5933;2933;1277;8381;8797;5478;7313;9250
1968;5872;8328;7738;6497;5040;5253;5569;1274;6954;8892;8454;8054
381;2888;3338
9013;349;8284;3009;8421;9976;2218;6971;5051
8227;3889;1416;6461;8643;9090;3768;5935
9642;4845;8927;3743;8208;3270;6584
948;1446;9635;4410
6849;884;7118;6285;7458;2166;1119;6535;8802;7830;8412;8819;1791
6717;8461
7925;166;5734;7898;4579;8742;203;6476;8162
8823;4552;990;2673;2915;9917;7040;7299;5018;4679
737;3940;4909;7105;7637;6229;2040;1314;2903;8311;2120;2396;9175;3534;355;2708;5078;7625;3928;8336
2315;1745;1217;915;1583;9056;3762;5803;8834;9293;9696;8726;3132;7183
8826
3123;3834;8226;963;7315;2508;9035;4495;1854;3865;3080;9423;5173;5642
3509;3790;7130;3312;8018;7527
8960;3967;7948;2370;8558;7358;4678;3933;9856;991
7033;4548;3902;1117;2725;870;4015
35;5085;6193;484;261;4129;9887;2659;1178;5775;9851;3718
3239;4639;7414;7741;4549;176;3332
4581;8585;7388;9709;5154;8905;8077;8166;4868;9775;2404;6758;7326;1202;3898;3678;8113;7318
9787;4511;7901;6189;6669;1762;8527;4674;1514
66;1081;7477;5948;2968;4434;1530;9657
593;3240
9705;6236;1669;1211;4058;8258;6989;7750;5102;5998;6153;3182;7427;5549;4701;895
5609;2067;3886;3776
7724;5328;9469;47;9767;3666;3513;471;4158
5573;6556;4961;6804;7793;5387;1680;7835;9534;6427;4599;4123;3706;2743
4087;7168;1871;3831;4887;7975;9275;5868;8958;8013;1054;7653;2175;8233;4826
1248;1866;7752
1053;8781;107;1801;228;1603;4476;2857
4649;6627;434;8944;9498;7960;6397;8800;4749;7574;5128;9919;6455;3767;6692;1424;2261
3260;9403
7530;7512;774;5407;6267;7376;7658;7072;3311;138;527;9949;79
4331;6889;7728;8845;3149
2729;6700;9294;9483;3659;7097;1037;7720;7554;8326;1513;5041;3588;8712;612;9940;9256;5862
1599;9229;3759;2509;5163;4138;2488;2009;9846;3246;7845;4575;7804;1367
4688;5736;3263;195;1988;3025;6039;8874;366;5297;1650;1142;9649;9777;7384
625;5661
5456;3245;5159;8446;9477;1040;4076;8661;953;414;1905;5029;2667;5955
7200;6308;923;9895;6052;2278;4156;5797;7341;2069;2520;5346;4519;775;3380
5669;3299;5551;5664;9952;4461;4167
8485;9679
43;3273;2990;6431;1313;565;965;4019;9708;7153;4694;3750;8795
2245;7528;3912;4187;7287;3840;4597;8207;7468;2195;294;490;5434;996;3874;6944;7352;2611
6600;4577;3502;8053;7896;9424;8824;6983
7642;4334;2592;9581;3282;9728;3741;7104;2209;3542
4656
4203;4149;1024;3180;2810;7760;7381;9862;9036;3052;3848
3456;8108;8266;5770;6586;6028;5860;2598;6259;3202;1785
6074;9143;2544;1482;956;1444;9592
1445;1697
7392;3704;812;8750;1502;1546;7689;1421;7990;9398
7377;9022;9101;8460;7106;8071;1928;9908;2041
9652;8863;5192;1671;9011;4371;5048;4326
2098;4514;1812;4301;890;6187;8523;4329;4318;7154;1777;2135;2688;5717
3653;5920;1915;5915;6576;5899;1490;6899;5831;7029;1343;6281;7115;8888
1835;6044;5195;8759;3434;853;5983;3541
8541;5511;2597;1246;6835;6002;7078;7742
1537;5200;7691;9167;1527;2555;5232;9737;3853;9476;4195;791;7180;1543;6549;2216
2156;2584;7135;270;4992;2381;6886;9621;4559;5475;1338
2305;6508;5523;285;7284;9528;2936;1615;3004;7701;4932;4972;5959;3855;187;4412;1664
2214;3927;3241;7062;8137;1775;327;1194;7482;8570;3528;5229;3322;4781
7394;6645;315;2355;1625;578;9926;1257;554;7332;5598;4432;4101;1524;7225;8900;5323;773
5679;8220;1645;730;480;8044;8074;3944;5383;717;6401;8736;8066
4029;1563;6158;4931;3856;6200;4591;4879;5034;9347;5853;2445
7946;2994;8543;2140
1420;3039;9751;4224;8941;8047;1633
7175;4157;2161;5246;4059;2458;7749;1564;2378;3269;8192;5416;3935;2827;6555;9019;4681;4595;6931
938;2295;3594;220;3333;8707;3435;5144;7815;2219
903;6411;2058;4795;2332;9137;5338;3878;7228;9838
2310;4124;7240;5305;5406;5891;2736;6831;6929
8811;6443;2147;5130;539;735;3226;284;5184;8240;6542;5728
7940;1755;4773;5309;2141;7053;8378;8478;4079;8380;2615;4382;5973;694
9219;1223;8937;3077;2850;7074;2870;7886;1280;7900;2998
4926;5429;2138
3247;3396;3797;7257;697;7645
2538;1049;1431;7159;9043;9669;5445;9771;8494
950;534;321;2946;535;1079;6128;9881;103;4472;1588;7463;497;5723;5965;8079;3257
2053;1155;3235
1184;8768;2641;1232;588;7954;1042;5390;1846;937;3738;7395;3950;6995;1029
411;2457;3326;3780;9004;530;6687;1488;506;4722;3760;5816;4515;5254
1005;7670;2917;8588;5348;7027;6869;9485;8581;4343
4728;3409;1505;4142;150;5812;5799;5277
3199;786;509;4557;4523;5527;600;3609;6682;4470;9365
6410;6658;8428;5894;341;4131
5950;6289;3733;2723;6403;2107;1369;1926;7470
6753;3439;9559;9302;2927;8793;3665;3209;9057;748;9573
3035;3999;6240;7907;5442;8416;770;3910;5905
7707;2376;4310;5919;5045;926;5371;1675;8498;3185;8285;394;6618
8891;3029;566;4959;4035;2856;8616
7262;2629;199;214;9556;999;2941;9449;4073;2029;5280;6637
121;3223;617;6829;7080;8756;1985;8102;8346;9914;3880;3411;3620;6206;6708;108;7717;7361
8984;1463;4912;5303;9726
643;7500;6112;9431;1080;8665;6075;9221;2039;88;1348;4816;5145;3511;4683
5563;713;3696;9970;3707;3177;3791;2273;9026;3877;9094;2152;8196;4760;7505
4600;4982;365;7297;1953;9636;4232;8622;9822;1532;4397;6712;8391;7567
3529;1320;1689
9491;4439;979;8535;4239;1612;6673
5372;8149;257;4614;784;4168;9312;182;9756;5613;4120
4444
6634;634;4991;7184
1738;585;4685;732;1890;8913;4314;3224;8351;5841;1704;536;4640
5201;2006;3364;1809;4046;1744;8755;515
9996;5866;864;2408;3632;5423;3565;7070;6612;2552;5112;6013;6246;9014
3682;7312;4593;6216;2534;9598;8116;5261;9393;9480;4328;6080
4401;3672;304;2354;1778;4541;3803;1856;2455;4923;5768;1804
5098;2137;8030;6008;8185;2517;4082;1478
6676;3358;8221;325;1945;699;6105;5506;7661;5970;790;6223;1419;1940;4672;4090;2208;8887
1559;5;837;1002;2617;4857;6872;6841;8023;1382;8123;568;552
342;5633;6809;2050;2730;2080;1396
5306;4853;4968;3460;9932;7229;5104;8008;8334;1861;5610
424;3194;8986;9361
5294;1288;337;2131;8657;2785;9749;9870;8017;5171;9899
2547;6466;9055;7924;4811
5118;8777;6539;4980;8907;2444;4468;286;3795;8004;1951
5715;6675;5602;7092;7156;3553;7681;4967
2522;2812;6055;6736;8906;7194;2263;6286;700;4629;4000;7282;2320;1170
7802;2516;7879;5691;8670;820;7605;946;9764;2690;7474
9671;4536;7103;943;8368;4698;8158;7989;1086;4638;5151;3107;9602
3011;2831;7300;173;5796;9782;1083
7858;7923;2473;6520;331
9039;3174;9120;7967;1357;1204;7516;1947;8966
6451;1127;9156;209;4036;5081
5082;7628;3747;25;9052;2773;2957;3764;2371;1205;3148;275;9711;3102;6378;5514;776;4734;6010
5049;8224;7597;3033;8526;6249;4441;8828;8660;8259
4598;4234;3314;3058;9722;4445;357;7764;8808;9076;2086;7559;7098
5763;8694;1025;9758;9832;8264;2695;125;3633;5342;9415
3163;6141;3934;3506;6482;9707;5657
5208;9698;3757;7803;7818;1918;1789;3596;2230;7164;5257;1790;3316;7436;5365;9362
9442;8083;8615;1998;8148;3385;9081;3238;795;3110;1712;7251
5231;4450;7856;324;8022;2063;4918;8652;8692;4790;1910;9692;7490;8846;329
3936;5247;4563;4534;1130;9759;8567;6611;6514
1691;4379;3049;3491;4414;5864;2468;2299;6838;8135;5562
7349;8603
6532;1836;2013;3054;2256;5158;6087;8625;378;2842;7085
2819;1402;7721;4143;2670;4262;2716;8440;8782;7013;4962;6720;5922;9373;4740;7373;7408;510
174;5239;5773;789;6192;7680;5740;1999;2115;1467;4827;3028;2843;9178;6262;1858;133;9924;6783;5987;1598;5426
3303;1415;6213;4348;9023;301;5838;628;9647;1398;2769;8649;9425;8921;2739;8031
9885;2259;6322;5663;3288;495;559;6860;1770;2395;82
2974;5895;1932;6540;8963
4606;2043;9752;8173;6603;4999;1767;7071;9842;3368;2609
9466;3486;5123;637;8327;7865;4086;2056;4727;1317;1007;5083;7038;4812;804;2665;9142;5834;6664;189;1105;318;4226
5719;8702;9330;4531;6446;4389;3604;4360;7651;1294;7423;1499;5572;5501;8648;9660
9587;2751;5341;6485;5815;1397;5147;9285;288;1078;8894;8305;4369;6178;1578;4624;2767;6119;3065;5480
7935;5202;8064;878;4077;7555;7870;7248;5077;8699
7852;547;4038;413;3995;1865;5828;1719;9493;3349;8457;8150;2394;8353;1066
9931;8975;1955;1070;6495;7873;7659;1093;7069;3838;1629;9717
2239;7716;6604;9434;9463;4416;7782;8632;6434;3685;9569
2267;9735;1974;2476;2676;2269;2280;4569
1911;4044;9959;7061;7123;9859;9938
2285;33;5080;6699;3106;3975;4275;1426;5203;6630
2494;8909;4645;485;2250;875;532;7424;6233;8748;6036;6978;1215;9716;4105
2753;3417;9561;9811;2108;3549;4850;8812;964;2844;5581;2153;1515;6406
3891;6486;9901;6777;1064;2514;3590;4191;5450;6100
6228;551;7495;8516;2817;2747;7331;665;9169;53
3812;4810;6685;8514;7410;400;1656;710;7025;2363;5400;8029;5114;8886;2971
2890;1715;1509;9927;9435;2492;921;5340;8855;4367;9742;1737
8439;3488;1965;7801;7405;910;501;4267;3749
3068
5105;1270;2735;1227
579;9663;3427;1328;9781;7005;8783;3101;6813;2579;9986;6066;8101;5334;9994;5236;5079;2331;2821;2577;7806;1558;7767
2671;3671;8273;5625;6866;8303
488;4925;1902;2060
5177;277;9059;1580;8914;5568;22;8359;4507;3431;4768;4960;7848
778;6418;9825;6609;8779;2825;7481;5677;882;2337;6774;1355;4642;727;6737;7861;3850;5923;9075;4462;7687;6585
1281;1161;9119;181;4122;4876;8637;4946;84;1536;6986;5678;4011;4843;416;5265;8402;1963;6071
3436;9567;3916;8853;8881;8977;675
2268;960;8869;1528;9680;6904;4751;6177;6145;3890;2510;6299;6243;807;7562;8274;6716;2428
5463;2728;3320;9207;9262;4288;5662;9766;5785;4799;4291;6135;5525;8606;8411;3566;1630;648;87;4430;7820
5402;9146;4047;4473;3095;1247;7988;880;6543;3433;1171
7903;3031;3532;2734;205;8928;1214;3648
6873;4270;687;1414;5353;2861;5951;8228;2912;3205;6577;5992;754;6928;8720;3447;8899;3292;8650;3783
7754;4197;4613;5587;2366;152;6354;1172;5811;9308;2134
314;881;1017;8703;4455;3043;2558;3800
5492;4680;7440;3923
4171;2874;4757;5940;9641;8672;4611;6719;550;9616
7894;9042;7519;726;6293;2865;6858;8522;7101;9583;2604;1175;2776;1585
9978;1061;2388;8160;1110;5673;8345
3354;2335;2799;3192;4594;1635;8126;3784;9577
1203;7059;2163;6790;885;8981;5182;3817;8429;5493;222;3450;852
172;6166;6054;8308;3172;7548;4521;5713;7778;1241;7285;4483;5859;2790;4098;6207;5676
4809;6196;2887;7464;5725;1594;2172;3981;9091;9397;8676
8901;4357;6016;9197;838;8143;5836;2087;1648;6822;6715
3196;4736;4854;1686;7280;1018
2858;1148;3278;8976;1649;1984;5846;3119;7714;5160;9518;5617
3899;5418
3714;7902;8390;3888
8557;2372;8463;6523;9591;7963;8504;2104;8091
7929;5164;4181;767;9375;2465;1366;2691;4064;708;562;9563;6847;6491;5378;2854;5659;2198;1224
5597;583;1565;4276;5204;9535;2304;5009;2889;1824;3018
1919;4729;1587;1971;6776;9061;3276;2090;1942;4892;3531;5250
5038;8725;5375;73
1677;1763;9266;5110;9374;9017;3337
5012;6522;6132;3883;5591
2167;2575;1388;3806;7125;8972
6120;4938;9182;5533;6956;9034;7083;98;7521;2620;1408;5651;3694;7493;3143;4452;9227;9821
8095;6623;701;6536;9213;5276
8723;4130;5618;5567;949;386;48;4775;9802;4
2674;4908;7208;396;1000;7564;6984;5667;2453;4501;6704;2908;5589;63
7277
8211;7147;8299
7362;2495;8136;4063;4383;688;4254
5262;821;9460;4905;5936;4340;2403;8836;3019;8728;2054;6726;974
9161;3438;7874;2901;8219;8010;2763;5517;5430;5183;4899;5698;8740;9244
6487;6170;6152;1748;9379;6386;9125;3362
9876;9878
670;808;4567;7566;2841;9380;3;326;7612;4780;6834;9177;1794;3608;4078;5536;2505
5997;1442;5699;5099;247
6048;2377;3986;4052;96;4125;7899;5460;7499;4627;2323;9732;6721;7911;1566;5558;1730
9865
8015;7947;4855;9282;7880;3055;4380;7811;2213;7591;7186;6635;8107;9882
3034;5957;4163;4407;8536;2545;4365;9068;7765;2668;6438
6072;4413;7839;5837;1207;3525;653;5910;5356;6615;4486;5727;8315
4900;2595;5070;8230;3046;2526;9594;1412;40;7046
8290;2600;2103;2551;8942;1169;6761;6224;192;36;6143;2966;5877
706;4045;5217;2329;5964;2719;8297;5904;3816;6691;7301;1611;3336;3175;7994;9968;5366
3720;2321;3213;9148;6035;2571;4134;1062;1990;6140;461;383;5707
9620;251;1870;2469;8754;8999;678;3870;3802
9619;723;9117;2765;982;6070;9497;7633;2235
1243;4565;2499;1282;8175;5028;5437;5971;77;1481;452;7396;7327;6007
8275;3962;6857;5296;8484;5166;5466;632;2993;6913;8197;5690;9703;4651;5015;6996;1803;7646;4837;4859
8323;8414;7934;1657;9643;544;1221;5739;1640;6909;9231
6937;9372;3405;1031;7703;3753;1113;4283;4901;1570;5937
6579;3524;4880;4615;7751;2474;347;1339;7398;58;1533;7077;1471;3918;9045
1233;5521;27;498;9060;6501;8099;549;8119
8737;7336;2262;5313;1242;8093;5577;3047
8262;2588;2010;9277;69;7250;6148;4608;7776;4633;9303;3845;4213;1103;5175
8216;9472;6763;6219;4349;8785
3613;4878;4671;6566;9097;7910;7560;3125;8286;2136;1567
7193;3236;9033;1403;5646;9867;9077;7322
3551;7256;1284;1591;4066;9724;9623;5800;3395;1805;9852
4562;7627;234;2255;1786;8389;8184;3444;3086;1695;6377;1136;307;9072;4911;4619
517;8613;9930
5881;7239;4061;466;9481;1927
5373;2279;122;9868;5652;9960;7571;4587;988
5772;901;5557;5459;6574;6199;4025
1736;4337;8341;3677;8452;5476;5324;8548;3398;7824;7581;6399;5150;6606
3232;1772;866;2336;9131;8879;8080
8776;4815;2853;8996;8623;751;3698;2654;2582;3321;1552;2943;3088;2033;2171;7107;1943;7223
862;3810;1545;8109
981;5076;351;8655;1554;8991;9701;7810;9296;1660;918;8904;5362;4504;7971;8546;8947;9844;3252;4839
9845;6582;7075;9240
6867;6291;9216;7868;4248;4789;6331;2122;9414;6759;2071;6121;5233;6325;3466;4626;2980;3575;72
2432;3956;7660;4747;863
6933;8062;9505;4251;4271;8866
1694;6373;7188;1941;8178;6049;7390;183;8035;3627;8482;9399;8706
4199;6130;4200;7762;5710;262;3145;7753;5769
1479;2570;5428;429;6953;7961;7368;8272;3085;2129;2328
1468;7311;7141;6818;4347;6402;1208;6056;120;8566;8007;9314;3490;6517;8806;2564
3187;8830;2661;9364;9089;7522;2456;2919;5193;4006
7213;6309;743;7846
7743;8449;7391;5026;9096;6429;6690;5560;4823;4717;4682;560
5701;3372;479;5897;8241
7267;1908;9549;9170;207;7218;3630;6282;2757;7890;9345;1788
4663;2496;9409;9588;8850;3024;3589
6029;7819;5352;4769;782;7372;2016;9912;6993;7705;4339;1101;2826;6850;160;51;9176;3401
9486;9631;6943;603;1690;5902;1637;7445
1393;2367;4375;7965;1308;4151;4394;7137;8918
2644;8540;356;8600;2123;2287;7718;618;4264;8340;2132;3284;3955;169
2956;3663;8387;2768;9831;1097;1189;6718;9741;1183;5644
1702;8687;9152;538;1422;601;7662;6366
9436;8212;9945;7997;4406;9028;8880;3560;6441
8758;3040;7771;4192;5281;7956;799;2426;141
3512;2741;4940;4944;5529;3796;344;2116;7142;6607
99
4421;1833;6854;1145;6012
3728;5798;5804;6287;4518;6941
8592;1821;5548;7241;6127
9114;4140;9289;2439;8450;9579;587;5153;2311
6460;8379
2986;3248;9210;7639;8296;7677;9890;8786;6524;3559;9850;3673;5396;8317;8848;3216;7756
4228;6483;1473;4265;1676;962;9633;3032;1413;691;465;6057;1548;626;260
892;8994;5750;1903;9215;5520;9384;4744;7805;1342;1123;3307;8765;2616;3611;6488;4929
741;3508;1722;5221;5167;2026;526
144;7050;8803;2252;4596;4442;1799;8612;3871;9281;513;5721;6453;8177;1434;6310;2342;9944
9544
2565;2502;8331;7220
1058;4372;7679;8403;7635;293;9720;3166;5088;9324;4092
832;5439;4636;7370
3392;1574;6045
4684;4987;7340;6826;7520;7366;4897;42
2157;2989;3092;1472;8580;2062;7617;7017;462;7736;1973;9233;2585;59;6752;6339;1872;6738
3500;6896;1742;8413;3158;7847;3408;5218;4333;3382
4145;7449;8775
8690;7302;3048;6450;3265;8512;7616;7748;2780;1878
8537;4263;3818;9904;7769;7933;9479;3942;371;1997;8247;9893
8684;9522;6661;1752
7590;1452;8760;5394;5465;2996;4499;5917;893;6314;4211;2446;4631;9665;6328;5839;6344
1668;4141;3122;9768;9413;9441;2894;5420;81;4667;8288;6884
7773;373;9656;1851;7676;9150;1898;7179;3692;4556
7980;7893;4437;3624;4100;3324;8100;4193;3705;1492;1958
2007;6833;3504;3425;5547;2451;299;8910;6343;9400;1581
686;4870;3051;4089;6596;1639;913
7079;2374;4196;5990;1907;6218;4165;5301;1862;6932;6906;7930;7678;5887;4907;4634;1371;4309;5942
159;3839;4152;5880;507
8417
9360;5519;2059;26;2014;6593;6994;5993;5927;1776;9935;6422
4088;2021;705;8251;9683;1929;1115;1827;2533;7151;6624;3998;3142;5499;2206;6962;1590;3290
6815;230;3022;3658;1622;6003;6365;9336;1087;7325;4915;9828;2959;8;7132;599
7993;2868;4670;8772;4804;9847;3237;119;9853;7547;8199;1423
3449;3941;902;6247;7450;15;4735;7974;9168;2294;6248;6348;8465;845
5488;6478;4295;7264;3147
2092;6490;225;3482;6133;6417;2364;5962;7201;4447;9637
5683;2127;3907;8780;6278;4182;6034;5817;8213;1693;4805
4891;7023;5329
1019;4008;6652;213;6387;614;1601;4502;7634;8081;2789;8804;5638
8761;4482;5700;7355;3366;8682;5189;8680
5697;9546;354;2429;9596;631;8923;1818
4984;2988;6649;3103;5733;6424;4431;4885;4709;1823;8745;2568;9306;454
2049;6852;54;7837;1897;1573;9971;7582;6779;167;7320
3514;2389;6591;2358;211;4336;5939;3586;3606;7766;4721;1486;1043;3403;8528
4208;9354;7928;1977;2351;6646;1084;5885;5003;3141;164;4384;7506;537;1494;4489;7028;4652
5630;7245;8270;1181;3607;8146;5855;7641;7644;4568;3745;2266;6290;8568
1051;8352
4660;6626;3414;426;5574;7812
7402;5647;9008;4067;1082;7557;3579;1700;3386;2926;6412;4097;6442;4174;5361;7913
4183;9995;9804;8329;3924;8871;2893;7949
4676;5143;3356;4544;3503;2236;6447
2434;8155;6139;8056;487;5264;5809;658;368
5592;7553;2369;7234;6749;1655;1766;1670;4808;7863
8664;350;2712;6619;5357;7549;1116
6921;9343;1725;197;1378;6599;6663
6009;2418;5489;7367
8356;6125;9265;6182;92;4886;5211;887;3723;6633;9634;1238;5355;6436;3293;9738;2210
5946;5392;7199
7117;2638;785;5162;463;4782;3371;7593;3423;9344
8034;911;8979;6965;9016;8517;2798;250;8635;1009;200;7171;829;1743;4622;1266;6610
1319
9906;3331;8471;1358;9482;2338;2254;5263;1015;3230;2528;5279;8885
6900;9001;7099;7076;1260;263;7494;1409
5614;5782;9443;6316;5749;3109;8294;9819;7422;2114;8529;5412;6973;7438;4770
29;6981;5363;7649;1665;4458;8348
8488;6908;231;5863;6245
3144;1337;746;4460;2895;4245;6123;8729;6533;3580;9809;4231;3104;3452;2910;2231
6209;7931;168;9958;9124;8757;7887;3160;6169;8908;7051;9448;3344;659;8105;6636;9506
7829;369;74;9512;9121;8608;605;2953;7684;177;3702;6300;9979;6922;3400;7222
7872;4788;4950;9537
7683;9489;1627;2217;3082;89;3801;7389;9474;1160;2860;4867
609;5718;8339;4703;7249;3977
4865;1474;9079;156;8169;2227;5487;5503;6131;377;9159;313;5161;6349;6741;5889;3008;1460;6810;8312;8531;2349
1179;7712;4201;692;1531;5470;861;6064;3726;8565;5131;5472;2046;4051;3305
8912;3852;9288;9286;9896;674;3497;5267;8919;9064;843;3908;5649
7185;9677;3233;3781;6470;5596;2513;9721;589;7054;817;7866
198;5953;4673;9937;5552
7657;8813;7369;2878;395;654;9070;8369;543;4307;7412;5806;6345;6915;7692;646
8849;2913;1962;6780;542;823;4221;382;7704;8618;9073;1604;907;5199;7523;1793;6136;8931
5805;1740;5986;4699;4546;422;473;3281
3592;468;7087;1881;2632;9980;3487;6095;661;7607;5819;4513;8571;3053;2142
3179;375;9861;1518;7817;6379;4995;5821;2353;2099;4162;3809;4040
5590;5830;3832;1960;6964;9186;8170;8392;1073
932;3602;3731;9032;3181;6358;1631;9520;3581;401;3225;8058;9300;7732;2055
417;5608;7699;7214;8046;1978;1606;2024;1696;7663;1151;3946;3389;6481;9305
478;7272;6150;4396;352;3727;3206;5256;3075;6982;525;639;6747;7288;10001;5065
548;4286;9820;4874;7763;8234;7160;3407;476
673;1641;4001;580;6670;9183;584;7271;4135;6168;9840;4484;1376
7451;9225;1435;8631;7489;111;7064;7484;4533;3867;7293;698;8952;2608
752;6734;3980;8309;9794;3315;1820;6616;451;6021;7695;3771
3317;1030;2501;5823;1956;3828;2005;477;2281;4393
1352;3991;243;6732;5327
5539;4172;1191;9127;7938;1901;1200;6887;8674;19;4278;947
1892;9377;1883
9871;3526;432;4807;8510;7190;475;2011;6268;8857
6892;1258;2399;5464;8078;2960
5433;8689;379;6099;3289;2415;7110;474;9180;9273;5672;8060;3833;6707
1156;841;2234;3556;6988;3603;831;3558;3521;1131
1825;4888;3481;9478;7096;3860;2008
6960;6893;6503;4189;9947;2083
1510;3097;5888;4487;100;5753;7688;3499;94;6570;6391;849;847
2574;2744;2121;4103;6947;6277;7964;4997;4039;5694
816;4178;5336;9826;6769;8453;7244;6987;2297;7404;3428;9667;9355;1483;6380;1895;4796;9368
9533;8496;6952;269;3545;4377;5858;8681;1507;4558
3351;5629;6356;4433;8281;403;1056;3585
8287;4861;5337;7082;6862;7836;1798;7364;888;9037;1140;7291;2934;2587
2920;6713;7526;1899;1023;9866;9909;6047;6154;163
6101;811;4091;4084;7955;8875;5240;6160;7270;1853
4977;9715;766;4119;6643
6432;5541;5298;6092;768;3987;9921;2938;2907;7146;9084;3204;7333;6416
2260;5440;6283;7328;9390;8473;1571;5611;1874;6871;2111;1239;6894;8129;6051
7538;6631;2619;6625;6807
4814;7668;7420;555;3432
4922;2017;8985;6085;3742;7259;5984
2685;1312;7238;6479;6494;9310;5310;1503;6091;3462;504;9002;9951;7462
2647;5444;6531
6768;8231;118;9053;5774;2438;1976
6201;6882;4453;7437;21;2481;7002;6186;3926;1586;8474;8167;1264;2977;3455;9911
877;6832;8229
2300;5682;1034;2726;6117;759;492;1400
1891;5252;3457;1970;2246;2047;2797;9942;9916;7454;2105;9411;7026
4708;2806;8028;7650;1047;4395;8422;6381;3530;4829;2525;6903;952;9165;9934;5968
7709;834;4697;8026;2251;335;4133;8573;5001;4147;5944;9990;5747;8027
2759;9334;3657;5258;4024;5090;2935;6040;9687;6180;3679;5441;7588
7342;2786;1538;8685;3844
2149;39;854;2093;1089;140
5890;2414;2373;3274;1286;6149;3746;3475;76;3557;8447;7187
9385;2906;8628;8068;2681;8300;8735;6622;4921;9263;6530
1330;6654;3949;7317;906
5731;1075;5976;5947;1678;718;9242;8816;2365
995;5500;6812;4539;282;1334;8920;7851;6398;9810;129;4723;4963;4952;2590;1063;7514;5985;258
6969;4902;303;9675;4913
3020;5295;346;4669;3947;6990;2144;6288;2984
9884;4945;6521;9185;4560;2851;2559;6083
2554;9085;3168;9222;868;6437;9795;2738;1245;2628;1959;8420;3115;5004;7594
1206;2536;8822;4970;2693;4792;9193;6968;8507;8492;1711;399;431
3399;1114;3564;7909;656;2605;3074
188;6728;1021;9817;8269;2003;8293;4344;9688;6680;5969;7435
4731;5017;9067;3451;5833;2303;9894;3412;30;8337;4353;2697;4505
6587;8236;6632;765;8727;2272;3866;3063;7006;1542;9402;3094
4352;8656;763;4863;360;3340;9542
6347;1913;2400;9378;5746;1596;3598;5845
9202;9783;8792;5368;2;2758;2325;827;7090;5222
1048;2550;9181;9342
5050;1917;2967;8563;9224;5266;7469
4108;1201;7917;7916;5681;6748;5384;2035;9100;7008;4060;966
1735;7009;7700;3309;6188;2317;5759;610
5512;2164;719;3220;5544;8073;2443;5367;1394;202;6452;7496;7120;7309;1830;3884;5350;1362;5530;8956
142;936;8495;7740;6980;4979;7266;502;9173;8989
5479;8153;2801;1674;8882;8467;9545
4411;9236;7189;9814;343;7579
5532;2180;4424;8732;7212;607;2687;5795;6659
2698;68;8973;8140;2001;6927;127;5169;5349
7710;8683;5790;9523
6334;295;8038
7195;5132;1644;1032;2781;3256;9697;3066;2745
2030;6766;5142;3729;2275;322;7224;9800;9676;9974
2012;3643;9418;7476;6184;4296;6265;6740;9451;1106;3010
5995;7533;5126;8634;9005;4989;9858;7908;8442;8342;4281;7129;4696;5892
9805;5634;2548;6642;9538;3295;3374;9962;4538;3100;6025
481;2257;6888;7624
4871;9044;5389;4341;4446;50;6538;2871;9261;856;3993;2566;3775
7060;1716;6167;8864;1068
7973;9024
7943;7647;3445;445;3124;3360
4578;6271;2276;815;8877;7453;9606;3929;5777;3647;7192;9651;9450
3353;8154;3638;1302;8476;4354;7052
6695;9948;4027
1616;3786;8520;4920;23;8131;6697;2036;1933
9661;6816;9116
1811;5954;1764;3715;158;4529;3770;1134;5448;5027
1254;7537
1938;2949
1993;1526;9237;7162;1004;8872;9973;7772;6011;2459;4099
8009;9136;8626;4346;2836;7136;93;2344;7112;4993
6671;3700;798;7442;4194;2233;7511;4646;6157;1848;7356;2715;2596;5896;1751
3183;7204;1198;8201;666;1602;512;5468
1336;4274;5789;5703;8051
2187;2924;3915;9693;7926;8372;983;1857;3862;3472;3761;2637;7939;9812;8188;6605
7970;32;6550;1653;662;5452;6757;2863;8610;1028;977;2249;6976;6032;4043;155
5148;9530;4520;191;2182;3873;992;6879;3193;12
6275;1796;6435;13;7952;3076;9855;3169;3378;4175;927;1551;5840;4425;8163;9433;5907
8360;9149;941;4258;5808;1879;1290;5330;7203;2537
722;3813;1092;57;753;6462;2186;9062;9406;8434;5093
682;6104;367;9848;41;9179;7197;5999;2265;8820;5086;2034;9879;3837;6493;9521;4361;9138;8562;1324;7784;131
3536;4223;4966;8554;677;511;9673;5794;8716
9554;608;8766;1634;3997;491;9369;561
2939;7799;9465;2897;779;7465;8829;5977;7603;5237;1278;836;291;7944;5117;7065;4206
2158;5483;328;2480;2128;8668
2238;7403;7261;756;4212;6062;7286;2073;3835;9087;5165;855;1981;8629;8916
9404;3302;8509;4752;240;842;5358;6235;2707;8860;5908;1969;8265;7419;7655;1597
4118;9007;2940;9536;8524;8967;1623;3543;6746;5979;6124;5991;3339;3601;3258;8489
3318;4471;4719;3291;3334
9350;3789;514;2076;5140;4935;4220;9595
9467;9164;1291;4107;3774;9746;9295;6238;4373;7483;9099;6102;7035;5579;835;7578;5844
6350;9304;725;6388;2702;1384;7386;7501;8896;1466;7596;9730;3691;3126;2683;1111;4033;4496
297;2833;7375;5168;1838
8611;2333;1521;5508;6428;8922;2203;4491;5941;6683;4415;5124;7864;5025;2309;128;7
5865;2963;4150;2515;5586;1057;5108;7775;3478;1506;8809;522;4833;2072;7157;9272
2832;4990;4013;3128;4607;2722;7357
2165;771;1368;2194;8705
2649;1276;8544;5037;1464
392;458;9672;3375;3988;2022;3171;696
8253;690;9624;6292;7906;5190;1230;1315;8917;4321;4049
8486;1829;3021;1296
5149;7690;987;3215;4293;2228;9386
5543;6589;9531;4658;914;9548;493;4014;8089;8325;4589;8924;3470;7486;5427;3546;3570
6405;4765;9118;5354;4772;5989;6677;879;6792;7558;3906;4454;4700;9813
2286;6458;2531;1948;3173;1832;2406;5994;6735;3595;3538;5824;8693
6628;4180;2995;2018;619;3413;7737;3221;9278;287;689;8371;6138;4319
2896;8209;3872;6176;2025;6817
9568;2341;9287;7385;6089;1008;3479;8995;9158
38;9772;3824;2543;4712;9455;8858;9327;5014;6326;9254;3721;3959;9093;5619;7895
6214;3966;8943;5550;4002;6772;9083;1759;8092;1453;124;6270;9074;6065;2383;6874;7981
8837;486;3904;8283;5732;7953;2146;2838;567;3822;8112;586
3308;8423;9755;1244;4378;7144;5454;5820;6647;8406;2720;9105
5381;1196;443;9989;2464;8993;7131
5963;2042;4657;2675;955;7725;8487;3280;3264;1795;1287;7608;8951
7595;3426;4847;3415;4527;8235;8799;4948;7150;3042;5449;20
3897;6053;4898;7622;7057;6901;5509;9704;3170;7834;3669;5421;4934;1102;3113;6881
2199;499;6376;764;3463
2563;4469;7984;1756;6516;5724;2226;3829;8564;9993;3799;1327;6561
1500;9508;9808;7785;819;3900;7502;2032;2100;2731;4936;2290;4542;433;5312;5960
945;3421;3641;5653;227;4617;1410;4010;2635;3313;8620;3070;71
408;8132;8104;1667;724;716;2840;1440;8710;1822;8561;5300;276;5720;867
8430;9763;1364;4177;8019;6332;4287;7789;9907;7783;597;2569
8436;7016;9873;4906;9784;7434;5556;3099;6655;1150;7854;576
5443;4494;7969;8968;2752;9401;9666;2664;1621;8399;1182
4971;5535;9153;8426;7698;4403;4207;553;2192;9102;5972;2379;9444;2578
7433;8276;6335;7532;151;2475;4603;472;3474;2461;97;1341;2970;2634
4164;8663;4630;7254;6800;4813;3961;5938;4714
5575;1807;5002;1271;6743;4718
5411;1381;223;8039;9189;6885;857;9541;6225;6518;1450;2430;5783;5092
8189;1067;2640;6069;6203;6110;8250;1356;3957;5399;736;693;4986;8938;896
1817;1936;6940;3089;9526;9991;1255
5033;503;4738;1535
5900;9163;1476;5023;500;9461;427;4062;6544;9734;971;3007;9445;391;9646
3849;4526;1299;7346;8394;5755;5835;5606;4408
5417;398;4564;9776;2020;731;7666;2987;8550;5053;4467;9139;2065;5850;7121;5671
2097;7114;6175;4648;3330;9191;9103;6951;9020;7503;8739;5178;6977;8382;4817
7161;5172;7155;528;3139;4363;3219;6212;178;2572;2849;3913;2981;3985;8553
924;3507;577;8139;2950;8032;5224;4070;1052;6297;5486;6090;8555;4042
3484;4555;7334;4724;4170;9880;2133;3127;8040;2732;4238;3654
1289;9201;8721;7063;1407;4385;496;9322;2416;8404;967;6165
3752;3189;7631;4840;6598;3914;4677;8987;358;1624;8373;274;6234;7958;2656;3365
1950;8940;9525;7636;1465;5615;298;2000;9510;8260
1469;9196;1293;917
5260;425;4500;891;3453;9713;886;9685;1614
9190;1569;3310;6547;3335;8602;3875;1477;1659;9313;2247;5060;6955;6629;9456
6194;4350;1436;4939;4179;1349;5413;6312;8075;5624;9797
3583;6786;6298;5185;55;70;2015
826;2948;2148;3394;5405;212;558;8839;1661;2954
3214;3130;4290;9264;296;9953;6144;2205;3777;8751
5637;9678;3458
9557;1608;132;9331;2593;7253;7823;1041;9625;1059;2737;5219;2452;9983;1706;6242;8094;1252;387;244;3381;2852
7343;7460;2642;2562;5180;7247;7536;2804;8456;1839;5290
745;6942;7219;410;6368;7800;4954;2873;4390;6754;3461;9383
7230;7508;4324;8006;4065;1331;6500;4830;3319;7444;6252;3015
6372;289;3440;1174;9211;8082;9458;4026;7310;3137;2324;4311;4250;4957
8671;5874;3887;9513;5419;4584
110;9987;4176;6018;9524;5981;916;8856;7656;6825;3695;3830;1995;1112
7353;7165;3155;5100;2037;9839;4282;6237;7586
6162;8903;8789;7585;332;3826;3520
1195;4260;1455;7669;5044;615;1448;5395
6519;3807;193;2384;8470;813;3418;5826;649;9129;7882;2881;2784;9065;7387;2811;8591
112;1269;8714;1753;9194;5612;3756;7945;1934;6440;2282;4746;1557;7787
5333;7524;742;9956;8586
5013;7488;3788;5069;680
4225;5152;8025;1840;3751;2392;3517
8827;2761;685;3078;6311;1300;8384;1132;8152;1213;9898;6346;2200;6239;4074
7206;4003;4113;6651;755;3737;1095;9743;8865;3896;5377;6329
7985;7086;7202;6258;8257;8096;6998;3730
8052;9674
8607;4665;761;6210;6534;3711;5982;7832;1765;2864;5288;2478;1135;8367;1493
8110;5431;8124;5286;6552;9818;3255;6830;2479;9080;8589;8597;3885;3151;2398;9610;7359;1617;7041
482;6004;8364;1429;4803;4609;336;4159;4443;8490
4490;9205;2922;540;4635;2875;1267;3198;5410;268;8513;4985;9484;2094;3459
9452;993;9798;4216;5584
1921;8036;1045;2109;9553;7977;9408;7694;7015;7122;1642;1540;2621;5702;3978;6360;7479;6456
9644;8466;9382;8893;8375;8658;3535;2764;3057;1728;7258;143;8182;7290;5670
171;459;9251;6505;7807;1226;5016;221;5561
3301;4895;3859;6727;7921;5039;1739;7904;869;7781;7568;75;9539;6836;3492;8395
8552;4241;6739;3297;2884;9874;8239;9614;5225;2802;8926;4545;3976;4553
5847;8097;238;1672;8127
7587;6301;6468;3573;8838;8435;939;806;2316;8180;5784;7305;8142;6557
7003;64;8157;810;7126;9012;6444;2500;5473;5055
3739;6572;7360;4822;7081;4753;1808;3793;9346;5284;3697
7294;3422;4121;1138;4423;4253;4785;5752;6529;9941;721;7685;3242;8128;8677
2101;2796;8292;5332;6613;5903
9269;6414;9954;8715;3203;179;3519;803;7289;8282;2899;3539;8890;1904;972
175;9243;1525;2491;1072;4356;7452;9509;290;8560;1497;4766;162
4188;2772;8955;8343;7138;1699;2991;9396;3146;6819;4227;5212
899;7475;2721;4784;4198;4109;215;8688;1734
4173;5829;7007;2068;6569;5447;7759;4955;7859;7696;7143
2778;1681;1157;2523;3243;4726;9321;4758;4285;6562;851;1888
3477;45;8134;4655;1946;5457;7827;1144;2847;4272;8118;8734;3393;5471;8319;6385;715;6823;3819;6864
6151;1386;5238;1219;8366;1996;3350;4399;4537;8651;4742;8011;1236;4881;8358
8462;3283;9975;2143;3635;3251;2983;5196;8614;5554;3201;9271;5756;6195;1966;9025;3983;4525;4745;564
3650;4255;4277;8076;2215;7881;6341;1607;4317;3954;7888;6775;3361;1703;4093;6911;5370
9796;6756;6251;8318;14;4877;4139;8763;8245
5779;2660;8280;7979;5867;3325;6351;5766
8579;2504;8519;1773;2803;1837;7471;1654;7600;105;5706;8954;3748
5730;4259;4240;6256;3615;5913;9432;1443;6433
5494;6919;1304;7149;571;7510;2666;7296;242
4215;2557;9857;1885;1923;3584;1141;7169;8459;1709;2375;6320
9071;5214;7855;1163;5930;2004;5516;2808;6163;8147;5496;3060;8934;1731;738;1076;1249;4958;6076
1301;8518;2700;8087;2360;5526;9527;6640;6798;224;4106;5351;5249;4588;6114
2225;7158;2471;5491;430;7648;6621;4602;3621;3003;2361;44;6845;2775
65;1039;3012;6390;8959;1350;9015;7246;6949;5056;9427;7335;4428;4081;7416;300;3651;729;2074;3441
8072;8594;3847;7814;8532;707;279;1456;4762;6750
7620;7601;4111;8475;5046;5141;3464;5869;3061;3971;5484;2845;7401;1149;7755;5054;7987;1843;3370;8098;8448;1685
4032;5754;840;2793;3300;2787;3755;2307;9710;4405;7432;3064;3674;3863;1882;91;6022;9464;2082;6608
3827;7632;10;1451;6730;6108;7518;6793;8821;256;5934;4485;8464;5089;3446;8718;1889;2532;8825;4374;4386
7941;8431;5818;4720;2521;2929;8164;6173;6191;1713;117;4956;9622;4852;5155;2346;2466
4664;1401;642;3323;3920;3736;316;944;9299;6472;2925;7702;5564;7606;2631;8859
1220;3207;1684;7936;7001;2706;9690;428;6972;3645;9829;4017;7166;635;8419;5967;439;3505;1498;8159
6679;204;115;7276;6241;5064
264;1819;5827;641;4169;3045;1250;7577
7316;5932;1216;5063;8480;2677;1489;3014;7599
2774;8479;5234;2952;9209
9155;9600;5639;3496;4835;6991
2130;4791;5580;1609;3909;7292;8179;9;5654
4547;1487;2070;3805;8362;6014;102;2081;6926;153;7706;4739;7415
1683;3259;4689;6323;4104;7573;7303;1893;8700;2820;8156;9291
3069;4376;6870;6788;4404;3327;6254;448;8330;5813;7088;34;7838;3266;7797;4801
6220;24;9267;533;3118;7602;116;7430
9220;4797;4576;6795;8500;1550;2327
7045;8867;4302;8302;780;671;8796;389;9658;2110;8205;1863;5918;9283;8946
1708;2382;3471;572;1618;1180;5565;3229;3388;5425;6426;9349;302;3228
7525;8472;2084;9003;6383;1359;9905;6109;4713;712;5883;2872;7569;9570
489;9307;9748;1688;734
8198;3476;1994;8644
3345;7323;6208;1104;362;2657;2679;4116;9888;8840
18;8577;6030;9773;3346;4983;621;1810;106;2348;6789;2460;364;3406;3355
645;1582;4256;8582;1430;787;4690;1316;1311;3709;1784;7915;1815;3473;9836;6477
4695;185;8895;8122;9367
6925;5206;2417;4951;9437;957;9803;6464;6303;7912;5059;3646
5518;942;5648;7919;3690;4572;2391;3710;405;4820;2117;6041
5096;9069;4096;8667;3879;8363;1298;5481;4866;340;3958;1572;930;5458;2118;2625
889;7498;6502;7791;8024;2503;235;6722;640
984;3836;1433;9765;9162;1553;1461;8400;569;7378;9789;3343;7030;8574;3841;6222;3493;9010
8691;5052;5176;6257;363;5595;7968;8114;3984;7014
9144;8525;2645;8088;3567;9589;3939;6620;8965;3117;6568;8165
7010;6751;3597;9900;2955;8990;2314;9611;9316;9998;6038
8572;9348;3636;2527;4819;2357;2359;1020;3443;1310
3294;9359;4763;9910;5882;6423;7809
5115;6958;6280;8050;5620;6648;6273;4551;3165;9607;4055;6415
777;8936;1222;9228;6063;6445;7406;5498
2788;9747;5912;7790;6489;9446
651;2519;7978;6526;1673;5415;9141;3533;3794
1210;1761;7758;5495;6190;9492;9593
8832;5566;9113;3448;7563;604;9627;9050;8930;4297;4994;2905;4345;292;6672;6839;1332;959
6409;9562;7351;9195;9572;3518
237;6421;9259;2879;218;7181;7638;6352;5655;4910;606;7841;4643;5138;6967
529;5187;4779;7774;8530;4136;3111;8961;1687;8043;3164;6914;2680
5693;246;596;9473;4884;8408;7713;7992
6506;9966;7032;8383;3821;1666;669;3804;147;7485;4102;2561;8195;5122
8398;1729;7747;8090;7623;3854;6705;4477;7273;6116;6375;5058
8666;9274;9609;5570;1046
6509;2658;5216;1867;6939;380;5382;8055;6250;8313;2902;4704;3402
2742;114;8511;4949;338;6033;7875;1646;2749;8424
7371;4323;4846;6068;1229;8932;9599
3430;6231;9410;2326;762;2961;4856;9203;844;9086;6846;4937;575;7777;6650;3842;1707
1779;2862;6319;9727;7459;7697;5571;6764;4438;796;9501
2202;925;3990;78;5878;2463;6067;620;8969;1022;8005
9694;2057;9957;919;5455;2023;5274;6001;2928;1544;7091;4294;9471;2650;5601;5179;1850;5504;3254;196;3965;940;6674
9363;5139;3279;3625;1931;8609;1952;2932;7278;1605;384;9689
8654;3116;9632;2911;5722;4841;8320
7942;6528;3612;1218;5943;8350;4007;5684;7850;9565;6710;3454;1733;4127;5735;1212;7950
1240;2319;1459;758;4005;978;7275;37;9922;6392;5814;2089;3701;1979;7891;9248;2487;5061
4988;3968;9241;5322;7671;1797;6156;7544;9392;7643;6916
1741;7439
7813;6597;9335;5692;393;2174;7693;9608;8086;2437;7877;1192;1390
5127;3864;8695;2985;3348;3267;2643;7339;2343;1273;4570;359;2755;3359;9684;4004;3087
8151;9270;5359;9134;4009;3231;7177;2253;4875
7768;154;348;1949;2159;9939;4292
6017;1268;9298
7735;859;16;7770;6181;5308;8584
8719;4778;970;9421;7932;7497
2027;797;3951;1190;8784;2855;7996;5436;3096;3161;1389;1013;9590;2529;3287
9462;385;4873;2079;9576
9955;8790;440;2718;5207;1462;7324;6463;5621;1120
7885;9943;7170;5546;1387;4021;8549;5379
9745;9488;7535;6306;7209;7172;9309;9154;3808;3667;830;9750;3023;8669;2756
2914;7515;7853;2191;9585;9902;9928;703;2746;2334;7021;5792
898;592;1035;8778;9516;6023;1886;9964;9731;7307;9352;4463;407
2270;6638;3569;2689;1842;3133;1906;4364
6963;1197;9066;8948;9459;6504;5024;3176;2606;8738
6657;5343;7354;7862;9253;2814;9430;2493;5958;438;9886;594;8059;418;9166;4620;5583
7111;7761;5825;208;6321;4998;5043;1986
3631;652;6733;8451
4894;1405;6362;7163;3782;4351;7113;4842;9257;8377
2829;7443;9604;9247;3494
5689;4094;9854;4668;8057;6755;655;5822;7178;2672;1026;6111
2828;7446;4653;5931;2449;8497;1441;1340;7517;2185;4916;1727;1726;541;5194;8103;8141;6844;7794;5674;4330;1437
5223;252;1954;3002;6563;7556
5191;747;2947;6097;5156;165;8477;7350;9475;7058;6471;2244;6164;3121;281
8876;4802;5704;253;7972;4686;423;319;7796;265;1834;7598;3577;5245;6966;6666;7321
622;9420;5075;602;6745;3622;4161;4621;6602;4612;5737;9801;7786;5555;7472;521;2541;672
650;2800;9095;4941;9151;6592;6324;7399;5146;788;9082;8538;636;8174
7108;7094;4018;1511;9762;6938;2477;2795;3708
8125;6878;3191;8653;7216;4743;7466;630;7455;4335;2440;5966;339;8255
1939;4269;5101;8443;6723;6684;3857;1303;9198;4217;9977;6961;7592;5842;1329;9238;1050;3629;9725
5507;8256;8493;2197;5665;663
1295;2410;5757;8014;5446;2885;6147;1577;6559;7541;1457;283;1710;3306;8773;6701;7319;7999;5961;9615;4710
8357;563;8798;8621;4647;4705;8425;5125;8698;5686;1333;5121;2822
3056;3261;8246;994;6930;8218;3184;5914;5364;388;8897;8953
5627;1326;3943;5462;7876
226;3917;1802;8020
5319;1126;1600;3689;2242;104;7798;4625;8810;8788;5780;469;3544;4391;8168;4666;241
7337;2425;3688;3044;3693;4654;8333;52;6541
5244;5289;2237;6551;7242;5600
9297;4832;9760;5283;2409;7629;9753
8194;1534;3892;9230;508;6770;9897;6527;3167;6202
3919;8410;2823;8045;2931;9833;1868;5019;9320;7205;7640;1887;4761;7920
5393;839;6059;1717;5852;5181;934;6918;5726
2612;1353;9824;5335;4947;7545;9371;1501;2145;8267;5170;4872;6696
1011;2339;2818;3424;2580;6480;5241
2783;668;1816;6393;406;8884;8598;7957;5515;1001;6295;7100;7927
1006;8640;2293;1964;4398;4420;4493;1125;6081;8268
5787;2576;8817
9098;4155;8001;1012;2999;2362;5588;6644;9779;7020;7711;3120;6580;4358;1153;8397;6575;8049;330;9988;9719
9047;7509;9785;6454;5675;6253;4137;1760;2599;4821;3138;3027;5760
1682;5374;7139;9519;4623;3379;2824;8508;1589;9736;695;5898;4315;7048;8515;5738
2243;8992;2126;5660;1428;3639;928;2834;2283;9626
8070;7808;3480;5632;5531;9174;4693;1651;7788;6545;9337;825
4080;5255;5585;6910;1091
7822;3200;236;376;6338;9301;7274;5748;1855;6361;598;2630;8393;6221;4048;8962;4359
8252;6729;1251;9130;2530;3001;3858;8925;8335
7715;9018;1133;8711;6778;6307;2965;1322;1176;2038;7397;90;6912;7260
6890;3772;9668;3083;6784;1351;6171;5605;4456;818;8559
6583;7329;9511;3765;4924;8117;6843
8501;4530;4715;2169;8386;4890;2075;8279;1495;9357
6082
5528;6573;2964;518;3734;9048;9239;4308
3568
7572;9160;1757;6031;4028;7431;2766
4662;7565;2997;5270;4112;4528;1074;3037;2085;1016;6702;7867;920
4828;6565
2923;4535;4114;6296;4243;8889;9877;9869
4691;3905;2669;3341;7991;1124;814;9648;4838;453;4741
8344;1873;809;6876;2754;6820;769;5331;361;2201;997;219;524;2886
2113;6024;2880;5980;2352;4580;4927;8576;6394;3442;3628;1187;8407;1158;2542
2978;5688;9356;3159;5685;9407;6264;9961
3387;7215;5228;4771;2992;3483;7780;2921;5553;1088;8322
7037;6226;9761;4851;8432;2482;1491;6098;872
5767;3699;5906;7982;7073;3851;1185;306;7243;1922;749;190;9769;2288
1992;9739;4976;9740;6327;5745;1168;519;4246;4031;3684;5742;702;6342;7914
4550;1470;9551;5876;9199;900;1188;2807;4419;3357;6851;6272;6396;3550;5505
4604;137;9664;7733;8539;4261;1987;8042;6706;681;1930;2229;9999;6215;9946;3763;9204;7134
1283;7457;5680;9640;3384;4233;4400;6363
7034;460;6511;2412;3298;6827;4508
31;4475;3614;5628;9255;5956;5318;2591;3668;520;135;7022;9027;7363;8988;6279
5209;7745;8289;5776;9358;8521;1547
2490;8190;5198;3154;9823
3342;7263
3903;2154;6408;9258;9681;573;4457;5879;6742;4436;6581;8203;9645;3661
9774;9729;4774;3662;4650;2181;9217;7583
3347;11;390;2610;1418
1620;6999;9682;2622;5227;4516;7269;9807
595;8225;4230;9387;9702;8542;2322;7686;7540;3644;7036;8878;2717;3000;8202;5559;546;3623
2549;5832;3527;6997;6020;1425;8762;7744;1894;8998;9770;9030
7383;7314;772;1884;9601;7255
2602;2470;3869;8578
2972;7652;7739;2454;9108
1432;824;2709;4605;8556;6974;664;5066;7409;308;720;9793;8619
792;6467;6134;6371;2330;2345
3383;5537;8069;3996;483
3681;8261;3016;9192;2560;5758;9109;3093;8396;85;6935;4128
7731;8662;5409;2710;3250;4229;8365;7441;7630;9341;8641;8271;9733;9245;8217
7869;9110;1723;2782;3210;2274;2892;5695;2835;3703;9780
8277;5325;305;180;6498;7304;4969
5097;8599;9494;397;8935;2435;8842;2096;1792
3680;1231;3136;254;2740;4532;2662;5771
2350;3188;3416;5251;1592;3555;5542;8307
2066;6155;7480;444
7844;4973;6475;2623;4943;1069;7024;3683;6571;1626;6840;757;4965;8048;860
1096;5007;6782;1305;7235;8601;6588;8764;3262;5952;3895;5135;6762
5111;1038;7231;973;4510;3576;148;7182;7918;3735;3901;9260;6806;5057
922;613;6078;2648;7757;3616;6781;8997;6703;6564;2651;865;9984
157;8338;3162;5871;5788;6330;6266;7654;8575;8111
2298
3881;3277;968;8191;9122;1593
5022;7095;3157;976;9132;2626;3773;4153;5474;6333;4069;2387;184;6211;4166;3156
2051;9883;9440;5432;912
6355;278;7674;5949;1055;6945;8438;2613;5120;2028;1896;7615;6897
8248;2512;6898;2212;6936;6061;5197;5801;1852;2308;7418;2176
28;5626;2724;8349;310;1568;8388;4056;1516;4242;6856;7210
5021;7252;345;935;1638;8106;4786;7145;3861
4300;1380;4204;6507;5945
5916;280;7461;5843;8767;5666;2636;883;4616;4725;5304;9439;9891;750;8115;4585
9790;5636;3234;6546;2313;9405;7621;9618;6079;9318
1914;6315;1800;4800;9841
8547;2173;2078;2539;5285;4836;4054;6808;8171
3843;8502;3369;7152;657;7487;8295;1504
739;2486;6198;2411;7584;1347;2179;4012;6318;4480;1318
4601;9564;556;800
582;9268;2296;5273;8617;8713;1143;3129;7962;1346
1529;2815;8505;3572
5791;3893;1555;5220;9145
9792;1406;5321;4252;8298;4322;5712;1937;5030;1139;6934
7298;5272;4777;5911;267;5008;5072;9507;1209;4418
5380;1859;2511;7447;6614;5116;6179;6129;201;4050;4313;7539;8506;4512;8067;2958
4928
6548;3152;7986;3571;248;7610;5404;6771;9925;8844;4402
420;8945;3140;1841;7196;5388;5315;8862;5408;7109;998;56
4582;5067;1385;7344;760;7667;4020;931;9184;6384;6824
6828;2193;8731;7727;49;9332;5042;8605;8084;2048;5921;6457;6865;6895;7682;1177
9586;5401;6413;9920;8595;1484;1972;4237;5762;951;6639;7672;3600;5073;7626
1721;2447;4787;4244;6425;4707;1085;9115;1480;415;4037;334;7613;1916
9892;7226;3186;6374;505;3626
9699;2312;2909;7207;1365;9603;9249;8301;5031;3894;4831
6859;1746;4332;5810;1705;647;6084;2898;6448
9340;9092;858;7892;3712
2155;2646;8749;4756;9394
6554;9031;1579;5091;8200;3619;3522;2402
3554;1780;3675;6019;9628;2639;1399;3304;409
3787;1658;3079;136;3253;5729
4590;1724;2240;7425;8974;1961;2704;5623;1662;1109;5781
3593;5793;5087;2714;7504;1235;1360;9843;2684
1263;1265;4737;1374;4730;2944;5929;1033;1814
660;7550;9827;8061;4776;7456;4451;3617;5497;8242;146;1875;4154;8222;3563;421;5293;217;2982
5230;6662;8883;1864;4632;8741;7128;5036;6046;3211;1512
5513;4072;4661;7889
4783;4280;9058;4185;2347;7429;4509;9112
2188;3552;4083;2170;2601;3017;6560;2484;6357;4919;6142;1549;2485;9021;1417
5451;1027;3931;5006;1485;2624;8678;4312;6367;134;5398;4030
8206;4148;3376;6093;2125;9837;311
1496;4132;9950;2044;7084;9830;4540
8686;9338;1014
2433;1900;1749;9133;6086;1438;4711;1404
7031;8753;6115;1237;8021
6796;2088;7400;9135;7576;3798;1377;2750;6959;4184;6905
7831;2791;4733;1121;4338;9578;1261;7411;3465;6855;9915;5658;9006;2692;8701
7730;7833;8441;9495;2207;4117
6404;9655;1860;8774;186;8835;8717;3131;7723;4975;4041;9532;8033;5490;9234;4543;4266
1714;8444
2883;3561;709;6058;2904;9389;8361;3964;4524;9816;4268
9872;3754;7825;3516;6803;2556;3716
4422;2306;6601;7043;7664;9126;2151;3969;1517;8193;4205;5751
6205;7227;7675;7232;2762;5640
6821;239;3610;2653;4190;4085;8186;7618;4249;6050;3013;6027;3489;6525
6590;7937;1307;8642;3537;2524;3212;2713;3925;6106;9187
5599;9252;2573;3825;8321;6681;7279
8181;7407;2678;9200
822;9889;909;1372;7619;6814
3218;1044;3067;5010;62;8818;3468;4465
9629;1354;6204;3722;7821;1560;5344;1166;1370;7348;8696;783;8138
2220;581;2356;1983
7167;5873;6005;9246;5005;3591;6261;1774;3938;2284;7795
7176;5909;4716;9319;1010;7233
5622;2733;1454;8291;4497;8237
1439;7828;1146;2061;9791;4571;1098;9000;9504
969;6714;333;9438;4862;8172
2248;6439;1167;5094;9381;9700;7995;9543;7393;9290;8355;5020
4289;2483;6567;9376;7719
4930;5376
2106;9328;2627;2594;2583;4144;5641;8409;6653;2618;3495;8433
3437;8401
5047;7421;8743;8709;2052;6302;210
5741;1199;2397;4573;2581;9786;2607;3686;7467
5477;2224;1165;3792;320
6042;4409;8630;8771;3153;3397;9969;711;6891
1173;1129;9923;6902;2211;233;8243;679;1869
3467;7295;4517;905;4284;7779;2393;7542;1539
7792;1975;1137;9552;9659;2882;4732;8752;6484;4860;6802;67;7365
9447;2420;871;4214;4126;8232;5136;249;3329;9419;494;3932;894
4492;7119;4075;1321;8638;8843;6744;3275;5011;627;2770;6689;1090;8385;2930
441;3515;4299;8569
5259;5540;5502;7551;5109;1845;8787;2077;2119;7345;4818;3217;6667
5848;5103;1561;126;7842;5414;8679;4896;3979;8647;2386;161
5403;4978;8646;7133;3814;624
6811;5188;2380;8120;4247;1335;3562;6917
7217;6853;6848;1003;5893
3377;9323;2340;7140;6801;1411
9208;6230;4974;4893;2448;3059;1576;8354;8722;6791
9864;3815;8503;3285;7531;6948
8534;8604;4706;2951
9540;7492;8929;1628;456;6492;8405;985;259;8263;2975
123;4864;2302
7816;2771;4435;591;1475;8469;2467;5205;3050;9428;6693;6060;4342;3026;5391;5235;8468;5875;3071
2696
5307;9317;9985;273;1663;4305;46;2436;2091;9038
4692;7413;9654;8833;2291;3953;7976;7611;6553;5360;9315;570;4209;6512;9111;1935
9982;9597;3091;1154;4659;5278;3419;1272
5467
7922;714;8769;7746;623;10000;9292;4057;3823;2760;1099
7265;2918;3599;980;9388;447;9232;7857;9605;2241;3501;828;1826;5469;4016
2976;9429;4325;5786;8868;3286;3660
1228;2368
2423;4903
6407;5582;7478;3098;2553;9757;6122;3930;9571
6805;6668;3084;8970;4095;1701;6473;5134;6255;1262;9370
9329;8791;3073;6400
3062;7379;1758;1193;6449;5901;7221
6274;9686;2385;4210;9040;419;5243;7534;7609
8176;17;6725;6877;3041;8854;8016;3656;846;5886
