7574;434;6968;9193;4792;8507;8492;4749;6627;6397;7960;3767;1424;5128;2261;5819;7607;8800;6692;9919;6455
5680;2986;7677;3248;9210;9890;8296;7639;8786;4953;2727;6688;6146;975;7897;9963;9529;5299
1772;866;3232;1347;6318;4480;2179;1318;2486;4012;6198;739;7584;2411;1246;2336;2267;8080;1883;9377
1237;6115;4823;6690;4717;6429;7031;4682;5026;7391;9096;5560;560;8753;8021
7884;4503;2427;7124;1447;7042;5538;3637;5068;3296;1292;1373;3510;1395;1575;574;5311
1175;2604;1814;1263;1265;4068;9490;3390;7878;1361;8814;9171;9929;6678;7734;6317
4355;3945;8845;3149;7728;6889;4331;6907;2900;9815;793;9617
2526;3046;9594;1825;4888;8692;7856;2688;8022;4918;9692;324;2063;2098;5231;8652;4450
961;1556;9417;4327;5461;7211;8437;2792;9845;426;6937;5574;6626;4660;7812;3414
6987;5336;7244;9826;3428;4178;9355;1895;9368;4796;6380;816;7404;1483;9667;2297;8453;6769
2471;2225;3621;44;2361;7648;5491;4602;3003;6845;5109;6667;2775;1845;8787;5259;5540;6621;430;7158
4722;506;3760;6642;2548;6025;5634;9805
855;5165;2238;1981;6062;7286;7403;8629;8916;9087;1808;3697;3739;3793;4753;4822;5284;6572;7081;7360;9346
2333;2309;2203;6683;5025;7;7864;128;4491;6428;5508;5941;8922;8611;1521;4415;5124
4088;2021;2533;5499;7151;1115;1827;1590;6962;6624;3998;2206;3142;1929;8251;9683;705;3290
714;7922;8769;7746;3823;9292;3317;4057;2760;10000;623;4461;4167;1099
846;5886;1763;3337;5110;9374;9017;1677;8176;8854;6877;3656;8016;17;6725;3041
6768;2438;1976;9053;5774;2402;4759;6465;3081;1754;118
3482;6490;6133;7201;4447;6417;5962;2364;9637;2092;225
6834;9177;326;7612;9380;4078;4780;5536;7566;2841;4567;3;1794;2505;3608;670;808
9715;766;6643;4119;7714;1984;5846;1148;3278;2858;3119;5160;8976;9518;5617
7030;1461;6222;569;1553;3343;3493;7378;8574;9789;3841;9010;1433;2781;3256;1644;5132;3066;1032;2745;9697;7195;8400
1352;3967;2370;8558;9856;8960;7948;7358;4678;3933;991;950;6732;5327;243;3991
7357;2722;4990;4013;4607;3128;6013;1404;6246;3632;5423;9014
509;4557;4523;8973;8081;6682;786;6652;213;8804;2789;5527;4470;3609;600;1019;1601;5638;7634;4502;614;6387;4008;3199
4688;4128;3263;1650;1988;195;5297;3025;5736;9649;1142;6039;8874;366
1735;610;7009;6188;3309;7700;6070;9117;2765;982;7633;9497;723;9619;5759;2317
5396;6524;9850;7756;3559;3216;8848;8317
1567;3125;8286;2136;3613;6641;4306;6660;4671;4878;9097;7560;5302;2705;6566;7910
4304;5604;633;8704;2813;7068;7708;1732;6379;5821;7817;2099;9861;1518;4995;4162;2353
2506;531;9214;7426;4573;2397;2607;1199;2581;9786;3686;5741;7342
2258;9353;8656;763;6240;8416;5905;3910;5035;9457;3035;3999;4352;8902;9046;7907;5442;770;3779;3820;4235
8747;3272;8445;1162;802;5453;5317;4388;5631;1562;205;8928
5430;556;2554;9085;800;2763;8219;2901;8740;8010;7874;5517;5183;3438
2062;8580;5393;1472;7017;7617;1011;2580;5241;3424;6480;6590;2818;2339;462
3188;3416;5251;1592;1529;8505;2815;3572;8358;3730
9691;5534;1145;1833;6854;5576;3420;4466;6880;3150;986;4933;6903;5968;9235;8659;2498;1980;7428;8215
9951;9002;5089;3446;3827;2532;8718;1889;2685;1312;504;6479;4386;7238
7080;8346;2388;1061;9978;8160;8345;5614;1110;3223;3411;1985;8756;8102;3880;617;6206;9914;7361;6829;121;3620
1842;2689;3133;9144;8525;2270;6638;3569;1906;4364
9876;9878;7771;4192;7956;8758;5281;3040;799;2426;141;251
9763;2569;7789;5676;9907;1364;4287;6332;8019;4177;7783;597;8430
8966;1947;7516;1357;1204;7967;9039;9120;3174
7876;5462;3943;1326;5627;5516;6800;8663;8934;2808;5930;4813;7254;4630;2004;3961;1163
8847;6269;467;9104;5802;470;2556;6803;3516;3716;9872;9123;8499;9903
5577;8093;7522;2456;2919;5193;4006;1242;2262;5313
5997;1442;5099;5699;247;66;1081;1530;2968;4434;5948;7477;9657
7396;1243;5028;5971;2499;77;452;5437;1481;4565;8175;1282;7327;6007
587;9579;6074;1444;9592;956;5153;8450;2439;2311
748;2927;3209;3665;3439;6753;8793;9057;9302;9559;9573;595;1611;2424;2540;3336;3816;5904;6691;8297;9712;9788
8508;539;3226;284;5184;8240;5374;9519;7139;8811;6443;735;6542;5728;9390
5990;8957;4196;5887;6906;7930;7678;551;7331;4977;7495;2747;665;2817;9169;6228;8516;464
8841;1259;6159;4834;676;3208;1828;5616;1036;3960;489;8119;734;9307;1688;9748;5000;8316
5161;9079;5487;2349;5889;6741;3008;4865;1460;8531;1474;8312;8169;156;2227;5503;6131;377;9159
6140;6000;1427;929;2441;8596;9223;245;7966;113;9078;3720;5707;383;461
8078;5464;3352;2960;2399;1258;2221;7722;3432;3367;7338;9706;555;4814;4392;3328;6892
7752;7866;1866;1248
6525;3610;6821;4249;3013;6027;3489;239;6050;2653;4190;3005;7618;4085;8186
479;4805;1693;5817;4182;8780;5683;2127;6034;3907;8213;6278
187;4412;2936;9528;7701;3004;285;5959;3855;7284;6508;5523;1615;2305;5519;9360;1664
5828;601;7662;6366;1422;6026;9152;538;7089;8687;1702;6232;2394;8150;8457;8353;8834
1818;3084;6668;4095;8970;8923;631;9546;9596;354;2429;5697;6255;6473;1701;1262;5134;6805
2535;9668;4456;818;3772;6890;3083;1351;6171;6784;8559;5605;1533
4403;553;3401;4207;2379;2192;7227;6205;7631;3189;3752;8426;7698;8909;2494;9841
7913;5361;4174;7402;6442;8982;5647;145;2816;4273;9008;1700;7557;3579;3386;2926;6412;4097;4067;1082
3068
6717;8461
4089;8963;4019;6596;913;1639;686;4870;3051;9708;4694;43;8795;6431;1313;3750;2990;3273
7609;6914;2680;7774;1687;3164;5187;529;8530;8043;4779;4210;419;9040;7534;5243;7249
701;6623;6536;9213;5276
2923;543;8889;4243;7657;6296;4114;4535;646;7692;9869;9877
9125;6386;9379;5018;4679;1748;6152
852;8481;5182;7059;3817;885;7691;1527;9167;2555;1203;5493;8337;2726;3450;8429;222;8981;2163;6790
8918;4394;7137;1308;4151;7965;4375;1393;2367;2220
9326;3713;8873;6185;6625;7538;6631;6807;2619;1927;4061;466;9481;733;5881;7239
644;3485;5287;6656;6474;6719;9157;706;1649;7301;2719;4045;3175;5217;5366;5964;7994;2329;9968
122;2279;3047;9910;4763;5882;6423;7809;8647;8679;161;3294;4144;3979;2386;4896
8826
3102;2371;2773;9052;3764;7628;2957;3747;25;7366;4684;4897;42;7520;6826;7340;4987;6929
2638;9344;7117;3423;7593;4782;463;5162;785;3371;8725;73;5375;5038
7933;5072;6071;5008;9507;4418;9479;9893;1997;8247;5272;4777;5911;3942;1209;5265;267;7298;371
5306;4071;2232;5656;3036;8551;3135;4968;8008;8334;9932;3460;1297;4853;4891;5104;7229;5610;1861;9090
7199;5946;1697;331;6520;7923;317;5444;6531;2647;7858;2473;5392
7750;1211;5998;6153;5102;4058;8258;3182;7427;4701;1669;6236;6989;895;5549
2730;2080;342;2050;9523;5790;6245;231;5863;5633;6809
3521;1131;9398;1502;7689;1546;1421;7990;7392;812;8750;831;3704;3558;4708
3049;3491;5864;4414;6838;3751;8775;3568;7449;8025;2392;3517;1840;5152;4225;8135;2468;5562;4379;1691
7564;6984;396;4328;7312;6080;2534;9598;5261;9393;6216;9480;8116;3682;4593;1000;5667
9634;5211;2210;887;5355;3293;6436;3723;9738;1559;4886;92;6182;1238;6633;6125;9265;8356
3846;667;5705;6459;4257;271;4618;3072;8133;4053;9972;3732;3882;6760;4464;2848;7102;833;6694
3714;7902;8390;3888;7896;8053;4577;3502;9424;8824;6600;6983
1668;9413;81;8288;2894;4667;9441;5420;352;525;4396;7272;6982;478;5065;10001;6150;3075;4141;9768;3122;6884
6622;8300;8735;2681;2906;8628;8068;9385;4921;9263;6530
6168;9840;1641;4484;673;7271;1659;580;9183;4001;6670;584;4135;1376;2247;9313
24;116;212;558;3118;3466;4626;6220;6325;7430;7602;9267;923;2069;2278;4156;5797;6052;6308;7341;9895
125;1025;2695;3633;5342;5763;8264;8694;9415;9758;9832;652;3095;3631;4047;4473;6733;8451
8157;810;9012;7126;6444;7003;64;2500;5055;5473;1418;3347;11;2610;390
5862;5041;8712;612;165;6097;2947;5156;9475;6471;3121;7058;2244;281;7350;9294;3588;6700;9940;9256;2729
3260;9403
3108;5708;4474;6378;275;6010;5514;1205;3148;776;5082;9711;4734;5071;6096;2701;8037;2877;3868;6137;5926
5376;4930;2712;5357;6619;7549;1116;350;8664
5048;5192;9652;8863;1671;9011;4371;6113;3391;7382;9799;4326
2086;2144;2984;3020;3947;6288;6990;7098;7559;8808;9076;2868;3409;4670;4728;6607;7993
548;4286;476;8234;7160;9279;1603;1053;2857;4476;5761;3407;7763;2002;2102;3717;3271;4874;9820
5838;8031;2739;628;8921;9647;1398;9425;301;2769;1415;8649;4348;9023;6213;3303
5390;7954;1846;2641;1184;906;1330;7395;1366;1029;3950;6995;1042;8768;3738;1232;588;937
1983;7829;3400;7222;369;74;2839;581;3766;2969;6922;2356
8861;4574;1458;4303;4362;8130;4110;5996;4506;1375;4848;6088;8418;149;9765;2703
7367;5489;2418;6009;593;3240;8352;1051
7414;3332;176;1790;7803;3316;7818;3757;1918;5208;7436;7164;2230;1789;5257;9698;5365;3596;9362;4639;3239;7741;4549
4928;349;8284;8421;3009;9976;2218;6971;5051
3080;1854;3865;4495;3834;963;7315;8226;9035;2508;9423;3123
7916;7917;5384;6748;5681;4108;3526;9871;4807;8857;2011;6268;1201;2035;9100
3580;9809;6533;6499;4750;4231;9653;9218;5320;2231
2251;4365;9068;2545;8536;4697;4147;5001;5944;7709;8027;7420;7668;9990;5747;3034;8573;8026;834;7765;5957;6438;2668;4407;335;4133
2837;7546;848;6665;8314;7513;6767;2586;8210
6532;4005;7275;8032;1370;7348;8138;1166;37;1240;9922;5344;8696;7821;978;2319;2842;7085
2907;2938;9084;7333;3204;2043;4606;6603;8173;9752;3138;1760;4821;2599;3027
2522;6055;7282;2320;4000;2812;4629;2263;7194;700;6736;8906;6286;1170
995;7514;1063;258;5985;4723;7851;8920;9289;4140;9114
8388;8470;813;4056;1568;8349;310;9500
3877;9094;2273;9026;3791;9970;713;8196;2152;3177;3707;3696;4760;7505;5563
8056;6139;487;5264;5809;658;368;8155;2434
8315;4413;5727;5837;5910;7900;1280;2998;9219;3525;5356;7839;6615;6072;1207;653;4486
5347;6227;3655;9276;8370;908;2405;5482;5701;5897;8241;3911;6711
513;8612;2368;9944;144;7050;4442;4596;1434;5721;6453;8177;2342;6310;1799;3871;8803;2252;9281
7762;6130;6658;901;5459;5772;5557;4025;6574;6199;341;5894;8428;7753;4200;262;5710;3145;6410
7148;3974;5764;5248;8898;2450;8633;8593;3640;8491;1768
2797;9916;7454;9411;2105;5252;1970;2246;2047;7026;3457;1891;8865
6669;8455;3163;6141;198;6482;5657;9707;3934;3506;7901;6189;1762;8527;1514;4674
6437;1245;868;8420;9795;2738;5004;1959;4816;5145;9221;2039;3511;4683;9222;3115;2628;3168
8744;7614;3922;1071;1519;5339;3582;3190;9140;4034;8065;6353;1363;1619;1957;5687;7840;7153;965
120;1468;2564;3490;4347;6056;6402;6517;6818;7141;7311;8007;8566;8806;9314;775;2520;3380;4519;5346;7200
4595;4681;6931;9482;9638;266;435;455;805;1924;2139;2378;3605;4115;4702;5524;5594;6073;6797;7374;8012;8950
299;1581;2007;2451;3425;3504;5547;6343;6833;8910;9400;1635;2335;2799;3192;3354;3784;4594;8126;9577
7052;8476;3353;3638;5592;1655;6749;7553;2369;1302;8154;4354;7234;1670;4808;7863;1766;8000
220;938;2295;3333;3435;3594;5144;8707;488;1902;2060;4925;39;140;854;1089;2093;2149
9584;6359;7561;9416;4448;9806;8376;4755;8911;7673;933;8427;7951;8183
2743;4123;6804;8840;6208;6427;9534;5387;4599;7835;4961;1680;5573;3706;7793;6556;1104;9888;2679;362;4116;2657;3345;7323
1254;7537;3540;4996;5744;7056;5986;1740;4546;422;5805;473;3281;9588
2665;4727;1317;4086;804;870;4015;1117;4548;3902;2725;7033;1007;7480;5083;6155;2066;4812
4439;89;9489;3801;7683;3082;1627;2217;9491;979;1160;4867;2860;9474;7389
1622;7132;9828;2959;6365;7325;6815;1087;3022;9336;4915;230;6003;3658
4389;5501;4531;1294;7423;9330;1499;7651;3604;6446;8648;5719;5572;4360;1374;4737;4730;1033;5929;2944
5448;3770;5954;4529;1134;8136;2495;4063;7362;4254;688;4383;5027;158;1764;1811;3715
7287;2245;7468;3912;490;5434;996;2195;294;4597;8207;3840;3874;7528;2611;7352;6944;4187
4146;6197;8983;794;8805;5345;7575;1128;8332;6686;1847;5095;7417;2223;8639
5872;1968;6954;5253;5569;1274;8892;5040;8054;7738;6497;8328;8454
6816;7905;206;322;9974;9676;9009;6766;2275;3729;7665;9650;6515;1253;9800;7224;5142;2030
2236;4676;2497;2979;7883;7281;876;8304;4298;9754;5143;6447;4544;3356;3503
1999;174;5239;4827;2843;6262;9178;7680;9924;6783;133;789;5773;1858;6192;1598;5740;3028;5987;5426;1467;565;2115
922;6083;4945;9884;2559;4560;2851;6521;9185;865;3616;6781
1397;9892;7226;3186;505;6374;6042;437;3626;4343;4864;8831
4815;1552;8776;2853;2171;3321;2943;3088;7107;7223;1943;2033
314;881;1017;8703;4455;2558;3043;3800
9305;6481;1606;5608;2024;3946;1696;6712;7699;7663;1151;417;3389;1978;4397;1532;7567;8391;365;7214;8046
4060;7008;8978;2777;4479;2699;4481;2112;4022;2095;1849;9041;4366;3994
9434;4416;9463;4913;5262;974;9542;4863;3340;9460;2403;821;4905;360
86;4426;2518;4023;4368;5856;7012;3724
18;8577;4983;106;2348;8036;1045;3406;3346;6789;3355;621;6030;2460;364;1810;5702;2109;9553
8684;7380;5861;4663;9409;2496;3589;8850;3024;1750;6661;1752;9522
3753;4283;1031;3749;7405;1965;7801;910;501;4267;1113;8439;7703;3405;9372
4715;8501;4530;2169;2183;1383;1520;6420;6537;8980;3642;2655
9106;6259;3202;2598;3456;5770;1785;8108;8266;5860;6028;5726;6586
1086;9671;4638;5151;8158;943;4536;7989;3107;9602;822;6814;909;9889;7619;1372;8368;4698;7103
4444
7326;8905;6758;9775;2404;8668;2128;2480;2158;8166;8077
3085;2129;1479;2328;228;1801;8781
934;832;4828;6565;5439;4636;7370
1223;3077;8937;7074;1557;112;4746;1269;6440;7787;2282;2870;2850;7886
5597;583;3018;1824;2304;2889;4276;5009;9535;5204;1565
4131;1787;4316;1877;323;4641;8590;5696;9744;8144;2422
4107;4314;7035;5579;1291;6102;9467;6238;9295;7483;835;9164;9099;9746;3774;4373
6965;4622;1743;250;8635;829;1009;4889;1392;7171;200;2798;8517;911;9016;8979
6330;8111;8575;5871;157;3162;5788;6266;7654;8338;7353;7165;3155;4282;6237;7586
7885;8944;4649;9498;8549;5546;7170;1387;4021;5379;9943;778
4598;357;7764;4445;9722;1505;5812;150;5277;5799;4142;3314;3058;4234
8259;5049;7597;8224;3033;8526;6249;4441;8660;8828
4329;8523;1777;890;4301;2135;4514;1812;5717
3514;4336;211;2358;2389;1043;3606;3403;3586;8528;7766;5939;1486;4721;6591
7848;8359;22;4507;5568;4960;8914;5177;9059;1580;277;4768;3431
2759;5441;5258;3679;9334;5090;6040;2935;9687;6180;4024;3657;7588
5591;6522;3883;6132;5012;6289;3733;5950;1926;1369;6403;2723;2107;7470
1674;2801;4656;5479;8153;8467;8882;9545;209;6451;1127;9156;515;1744;1809;2006;3364;4046;5201;8755
7398;3524;347;3918;4880;58;7077;2474;4615;7751;9045;1339;3899;5418;2516;7879;5691;1471;6579
3802;8754;2469;1870;8999;4794;8624;9054;6773;3870;5988;3982;7173;9661;9116;3670;1632;9620;678
4295;1155;3235;2053;3744;9582;4824;5746;3598;5765;2400;1913;9378;1596;6347;5845;5488;6478
8949;629;1610;3618;5291;1944;5884;7283;2614;9834;5129;9128;8645;7093
4;4775;48;5618;9802;8303;3790;3509;3312;7130;8018;7527;386;949;8723;4130;5567
159;5880;507;4152;3839;4410;7147;8211;8299
7946;2994;2140;8543;8216;9472;6763;4349;6219;8785
179;803;1904;3111;3203;3519;9269;6414;7256;8715;8282;8443;7289;8890;4136;9954;687;989;1414;4270;5992;8650;8730
3372;6411;2058;2332;9137;7228;3878;5338;9838;4795;4183;8871;2893;3924;8329;9804;9995;7949
8340;8540;356;2644;618;3955;7718;169;2132;7349;8603;8770;2162;3921;9997;5364;3284;4264;388
7489;7064;8631;9599;7484;4533;8932;1229;6068;4323;4846;7371;111;1435;9225;7293;3867
8677;2408;502;8989;9996;1311;5866;1815;9173;936;142;8495;9836;3709;7915;6477;3473;864;645;1784;5467
6900;9001;7099;7076;1260;263;1409;7494
2276;815;9651;3929;3647;6858;9042;6293;7192;5777;9606;2776;2865;8522;7519;7894;1585;7453;8877;6012
8616;1938;6336;4644;2222;1925;9906;4219;9575;9558;2949;3776;3886;2067;5609
1473;4265;691;1413;3032;1548;3385;626;260;6057;465;903;9633;4228;6483;962;1676;8148
7005;5079;3427;1328;9781;8783;579;9663;2821;2577;6066;6813;7806;7767;1558;5334;3101;2579;9986;8101;9994
172;7548;2790;7778;4098;6207;8308;6054;1241;7285;4483;6166;3172;5713;4521
3227
1737;9742;1715;9927;1509;2890;2492;5340;921;9435;8855;4367
4993;4346;8626;2344;7112;6468;6301;8009;9136;7136;2836;4239;5668;1612;8483;6673;7552;3970
6177;8274;6716;9680;8869;960;6904;7562;6243;807;4751;6299;2428;3890;6145;2268;1528
726;1143;1346;1878;2780;3129;3342;3748;7263;7748;7962;8617;8713;8954;105;445;3124;3360;3445;5173;5642;5706;7647;7943
1230;1541;2289;4381;6284;6837;6875;7044;9992;685;1213;1300;2761;4074;6239;6346;8152;9898
6584;3270;8208;3743;8927;4845;9642
6721;96;5558;1566;9732;6048;2377;3986;7911;2323;4627;7499;5460;1730;4125;7899;4052
8408;596;7844;1626;3683;4516;6840;4706;7462;7269;9807;9473;5693;8048;246;4884
697;7645;3396;7257;3247;3797;2735;8231;1270;1227;5105
414;953;1040;1438;1749;1900;2433;4076;4711;6086;8446;8661;9133;9477;2401;2805;2867;3112;3948;4592;5282;6043;9412
2260;5440;1874;6894;8473;5611;1571;7328;2415;379;3289;7110;8689;5672;5433;6099;1239
3257;535;321;534;8079;1079;6128;497;1164;9881;103;5965;1588;4472;7463;5723;2946
1770;559;495;2786;1538;8685;6322;2259;5663;3288;82;9885;6860;2395;3844;1574;3392;6045
7277;877;6832;8229;2829;3494;7443;9247;9604;1014;8686;9338
5584;4216;993;9452;6779;9971;1573;7582;167;7837;54;1897;6852;7320;9798;2049
674;3852;8912;9286;9288;9896;7934;1657;8414;544;5739;9643;1221;1640;8323;6909;9231
5664;3299;5669;9952;5551;1695;1136;6377;3086;3444;307;4619
3531;4729;2090;9061;6776;3276;1971;1587;5250;4892;1919;1942
7174;3178;8974;1961;5522;139;2390;4767;6975
952;9165;9934;4829;4395;3530;6381;1047;8422;409;3554;1780;3675;6019
6908;8488;2459;7162;1526;9973;4099;9237;7772;6011;1004;8872;1993;4511;9787
767;2465;6847;9375;4181;2693;5164;4970;2691;2671;5625;8273;3671;6866;6654;3949;7317
4168;9312;9756;4696;182;5892;5372;8149;5613;4614;257
5492;4680;7440;3923
1478;4082;8185;2517;6008;2137;5098;8030
5877;6170;6487;192;1169;36;8942;6224;2600;6143;2103;2551;6761;2966;8290
4917;1186;7860;7049;8673;6103;3592;8571;3053;2142
9544;5661;625
8082;4361;9138;8562;682;367;2034;8436;7016;3440
79;7376;6267;3311;5407;9949;138;527;7072;7658;774;7512;7530
4100;3624;3324;7893;2625;930;8363;5481;3879;5458;2118;4866;5096;4437;1572;3958;9069;4096;8667;8100
2690;7474;7605;8121;8852;2292;6006;4869;3952;4610;5369;2652;8670;9764;820;946;7802
6724;9126;8193;3969;2151;1517;4205;3838;7069;6601;7664;7043;170;4202;1584;1391;370
892;5520;8994;1903;9215;8765;3307;9384;5750;9921;4929;9329;8791;3073;6400
2184;2160;6422;5927;3687;6107;1636;450;7308;8627;5928;5993;1776;9935
5903;5332;475;8886;4810;7025;2363;5114;3812;8510;5400;8029;7190;6613;8292;2796;2101
2409;3818;4832;5283;9753;7769;9143;1482;2544;441;3515;4299;8569;9904;7629;9297;9760
2337;9075;6774;7481;7687;2956;6737;3663;2768;6718;5644;1097;9831;1189;1183;9741;8387;4462;5923;882
5917;1452;2446;5465;9665;6328;7590;5394;893;5839;2996;8760;4499;6344;4631;6314;4211;990;2673;2915;4552;7040;7299;8823;9917
1955;8975;1629;9717;1070;9931;6495;7659;2306;4163;5751;4422;7873;1093;1446;9635;948
3542;3741;7104;2209;9728;3282;9581;4334;7642;2592
8145;9391;4687;1225;8681;269;4558;3545;5798;3728;8964;1507;8496;9533;4377;5858;6952;6941;5804;6287;4518
4411;9236;9814;2239;3685;7782;8632;6604;7189;9569;7716;6434;7579;343;2741;4940;3512
5424;611;3373;8409;5641;5414;126;5103;1967;5119;2618;3495;8433;2106;6653;6015;5848;7842;1561;1094
9454;4798;5645;3010;9451;2012;6184;3643;6496;523;232;1106;6740;5607;6265;7476;4296;9418;2462;3363;7067;4429;1325
5195;1835;5983;3541;6044;5578;8063;2711;9662;6364;101;6419;3587;3434;853;8759
4478;9188;9514;5924;2859;1077;8324;8881;8853;675;3916;3436;9567;8977;375;3179
8643;6461;2269;4569;2280;2676;9735;1974;2476;1892;3889;1416;3768;8227
4950;4788;7872;4809;9091;6196;9397;3981;5725;7724;2887;4764;2694;2172;1594;7464;8676
5643;5385;1692;5975;9860;5974;2686;4498;9909;9866;3973;4459;9503;5275;9718;9049;9639;5422;1379
9817;2204;3634
5539;947;1247;6543;880;3433;7988;2197;5665;2365;663;8256;8493
6606;5150;3398;7824;8548;5324;2055;6708;7717;108;4793
4561;1508;2064;7448;4488;2908;5589;4501;2674;2453;63;4908;7208;6704;4964
9342;2550;9181;1048;6698;5500;6731;4754;8583;9714;7467;8002;8697;3249;3410;4849;8879;9131
5397;5603;194;8223;9550;4320;255;9778;5778;309;9630;4236;2546;6863;2407;7330;3758;8933;6946;3778
9865;2605;457;3564;656;3074;7909;1114;3244;2189;5854;1769;557;9468;3399
6787;2794;6765;1536;8637;4876;5678;4011;1613;3195;1275;1718;84;416;6986;4843;8402;4946
7820;648;1630;2728;5463;4799;8411;4291;6135;3566;9766;9207;9262;5429;4430;87;8606;5525;5785;3320;5662
5711;4160;353;5593;897;9486;9631;6943;603;1637;5902;7445;1690
6469;9273;9180;1720;2567;5435;474;4449;2147;8587;1118;4566;6118;3006;6794;6244;2945;1152;8204;5130
862;683;4825;1782;6430;1679;6985;6799;3038;3429;7998;109;3578;9670;3114;3810;1545;8109
9051;6161;744;8613;9930;5935;6304;7011;8458;481;6888;7624;7023;5329;2257;7491;9933
7055;1412;40;4900;9726;1463;4912;5303;8984;8230;7046;5070;2595
6148;7250;8262;5175;2588;4608;3845;9303;4633;4213;1103;7776;2010;69;9277
1542;3063;765;6587;8236;6632;7006;2272;8727;3866;3094;9402;7815;2219
1851;9656;9150;6883;7676;4556;7179;3692;7773;373
1788;9549;1908;7218;2757;8620;9170;6282;3630;207;7890;7267;9345;5116;5380;7447;6614;1859;2511
5428;7961;429;8272;3196;4736;4854;1686;7280;1018;6953;7368
5416;8192;4059;7749;2161;9019;4157;7175;2827;6555;8095;3935;1564;5246;3269;2458
30;2303;2697;3412;3451;4353;4505;4731;5017;5833;9067;9894;355;2040;2708;3534;5078;5806;6229;6345;7412;7625
7720;9899;8017;9749;5171;9870;8657;2785;2131;337;1288
1423;9847;8199;119;3237;9853;7547;8772;4804
3553;4372;7092;5715;1058;7679;3166;4092;5532;9720;2299;7635;293;5088;9324;8403;7681;7156;5602;6675;4967
2856;7060;1716;7594;6167;8864;4035;9161;9244;4959;3029;566;8891
5753;7688;6391;4487;5888;3499;94;2483;9376;7719;7213;7846;743;6309;6570;849;3097;100;1510;6567;4289
6966;7903;3031;3532;1214;3648;2734;5245;7598
1400;492;1034;2300;9476;4195;6549;5200;1537;5682;2216;9660;9737;5232;8702;7180;791;3853;1543;759;6117
2962;2993;6913;8197;9703;8484;4837;4859;5015;1803;7646;5466;8275;6857;6996;3962;5690;5166;632;4651;5296
1194;1775;9727;6319;1779;2862;5571;6764;3528;7482
4036;5081;5279;1015;8885;5263;2254;1358;2338;2528;3230;3331;8471
2285;33;6699;5080;4275;8028;3106;2806;3975;7650;1426;6630;5203
1068;1781;9566;7543;2937;8724;2876;6920;404;3719;2648;613;6078;2190;2651;9984;6703;7757;6564;8997;8244;7826
8592;1281;7695;3771;6021;7241;6127;1821;5548;4122;1161;1963;9119;181
9875;234;4911;8184;9072;4562;2255;7627;1786;8389;8870
5995;4989;8442;5126;7129;8342;4281;7908;9858;9005;7533;8634
4421;7670;2917;8588;7027;6869;5348;8581;9485;1005
9677;9721;7185;7054;817;589;2513;4901;5937;1570;3781;7710;8683;9240;7075;6582;5596;6470;3233
6645;5323;2355;6354;152;4613;2366;2134;1172;5587;9308;773;4432;8900;4101;7394;1524;7225;5598;315
477;2281;4393;2005;1956;7937;2524;8642;3212;9187;3537;1307;3925;6106;2713;3828;2501;1030;5823
2123;2287;5137;9266;6340;3197;7004;2419;8636;2891;1595;7729;5226;9311;5186;8600
4991;6634;634;7184;6356;3351;5629;9705;8281;403;1056;3585;4433
7887;9339;2168;659;3344;3160;68;2001;5169;2698;8140;6927;5349;127;99
568;6872;837;2617;1002;6841;4857;8023;8123;1382;5
4446;4341;4871;5389;50;2871;6583;7329;2566;3775;3993;856;6538;9261;9044
3507;577;924;5224;8555;2950;8139;1052;6297;896;7451;8938;4070;6090;5486;4042
671;8796;389;9283;8946;5918;2110;8205;1863;4302;8867;8302;9658;7045;780
6933;8866;8062;9505;4251;4271;5849;9024;7973;2846
8880;6460;8379;564;9028;4406;7997;9945
6635;9882;8015;7811;7880;3055;7947;4855;9282;4380;8107;2213;7591;7186
2825;5677;3850;6609;8779;6418;9825;7861;1355;6585;4642;727
381;2888;3338
1831;3268;6263;6077;6785;412;904;2663;9172;5213;5268;2603;781
4920;8520;6697;6183;1522;7018;442;9226;8815;5294;5316;6172;1616;23;8131;2036;6924;5870;3786;9333;9088
4699;1266;8034;7097;1037;7554;1513;8326;8477;747;5191;6610;3659;9483
6016;4357;8894;9285;5815;288;5341;5147;5480;8901;9197;838;1078;2751;6485;6715;1648;2087;8143;5836;6822
432;1006;1964;1285;1813;1125;8268;4398;4420;4493;6081;2293;8640;2810;3180;9862;7760;9036;7381
346;704;2031;2271;3030;3992;4669;4844;5295;5635;6842;7306;8161;344;2116;3796;4944;5529;7142
2582;2507;1652;9613;3698;8996;751;7570;7198;95;3090;372;5807;2654;8623
9591;6523;7963;8463;3222;6558;3876;2124;8504;6276;7127;5084
5475;4559;6886;7135;2584;9621;2381;4300;1380;4204;5945;6507
4652;5003;4384;4208;537;5885;1084;3141;6646;7506;1494;4489;164;1977;7928;2351;7028;9354
8887;5970;8221;790;325;1419;3358;7661;699;5506;6223;6105;1945;8165;6676
9275;7975;7653;1054;7168;1871;8013;4887;2014;6593;8233;2175;4826;6994;2059;26
5172;8553;2981;3139;4363;2849;3219;2572;178;3913;6212;7155;528;3985
6921;6599;1378;197;9343;1725;6663;6101;4091;1853;7955;7270;6160;4084;811;8875;5240;8535
8287;2587;6862;7836;9037;1140;2934;7291;5337;1798;4861;7082;888;7364;5769
6033;6501;498;27;338;1233;8099;549;5521;7429;9058;2347;4509;4185;8838;8435;9060
8310;3989;1348;6075;6112;643;7236;5698;4899;1306;6313;4882;7500;1080;8665;9431;88;402;4601;9564;1107;8545
3109;6973;2114;8529;5782;4770;6316;9819;9443;8294;5749;7438;7422;5673;303;4902;6969;5412
616;6861;5978;1771;8238;7529;5292;1880;638;9936;1989;3548;1279;8801
2445;9347;5853;5034;6158;3856;4931;6200;1563;4879;4591;4029
3926;3455;9911;21;7002;8167;1264;8474;2481;1586;6186;4453;2977;7437;6882;6201
1289;9201;9955;440;1462;5207;8790;1120;2718;7324;5621;6463;7555
4179;1349;8075;6312;4939;5413;1436;5624;4350;6194;9797
9912;782;4339;51;5352;4769;1101;7705;9176;6993;2016;7819;7372
9948;4262;4027;2819;6720;4962;4143;8782;7408;7721;2670;7013;5922;8440;1402;510;2716
7262;9556;999;9449;2941;214;199;4073;2029;2629;6637;5280
8381;4938;6120;2620;7521;4452;9227;3143;7493;53;5478;8797
5050;1917;2967;8563;9224;5266;7469;1898
1675;8498;3185;5371;926;8285;394;5919;5045;6618;7707;4310;2376
1647;4583;6950;3664;6217;5215;740;6617;9147;1234;2633;5062;1909;6164
6738;6752;1872;9233;2989;2585;59;3092;7736;2157;6339;1973
7974;9168;2294;3941;4735;15;3449;902;7450;6247;6348;6248;845;8465;9212;5174
1445
1066;7852;547;1719;9056;9493;3349;1865;4038;9293;6082;1583;915;3995;413
8417;9679;8485
8915;9913;8085;6370;710;1656;400;7410;6685;2971;8514;2235;3676;1159;2277;1208
9616;550;4757;9641;4611;5940;8672;2874;4171;5373;7571;9960;9868;988;5652;4587
4568;6290;2266;8568;3745;7898;203;6476;166;5734;4579;8742;8162;7925;9574;1747;517
981;1554;3252;4504;4839;5076;5362;7971;8546;8655;8904;8947;8991;9450;9701;9844;2120;2396;7637;8311;9092;9175;9340
4923;4401;304;2354;3672;3803;4541;1778;2455;5768;1804;1856
2310;5305;4124;6831;4458;9325;7473;8348;1665;7649;6981;5363;29;5891;5406;7240;2736
8830;9364;3187;2661;1119;7118;8819;9089;1791;8412;7458;7830;8802;6535;6285;884;2166;6849
1449;516;7259;2017;4922;5984;7000;61;2264;7191;9580;9280;9981;7507;2472;6085;3742;8985;8347;7849
9790;7266;4979;6980;2253;4875;3234;5636;7268;8708;3231;9134;7177;4009;7740
3754;7825;8541;5511;2597;7078;6835;6002;7742
5309;4773;2141;1755;7053;2615;8378;4382;8380;7940;694;8478;4079;5973
5189;411;5816;3326;530;4515;1488;3780;2457;5254;6687;5700;9004;3366;7355;4482;8761;8682;8680
7322;9077;4129;9887;1178;5775;5646;3236;1403;9033;9867;5085;484;6193;261;9851;3718;35;2659;7193
8392;6597;7693;8170;9335;6964;2174;5692;393;9608;9186;1073;5830;1960;2437;7877;8086;7813;1192;1390
6409;9562;9195;9572;7351;3518;9980;661;6095;7087;847;2632;1881;468;3487;4513;9013
9196;8069;483;3996;3383;8318;6251;8763;6756;14;4877;4139;8245;9796;5537;1293
3731;9300;7732;8058;9032;3602;401;932;9520;3181;1631;6358;3581;3225
6334;1420;8047;1633;3039;9751;4224;9537;295;8038;8941;2372;2104;8091;8557
2167;2575;3806;8972;1388;6659;5795;607;2687;7212;4424;8732;7125;2180
8745;4431;2988;6424;5733;3103;4984;2568;4885;6649;5255;5585;7743;8449;4709;454;9306;1823;552
2443;3884;7309;1830;1362;8956;5350;1394;5512;8073;7120;6897;5530;5367;5544;719;202;7496;6452;3220;2164
5210;3725;83;1022;8005;2463;5878;78;925;3990;9695;2202;620;3147;7264;8969;6067;3498
3980;6616;451;8309;3831;4087;6734;8958;3315;9794;752;1820;5868;3508;5167;2026;526;1722;5221;741
6594;7604;9146;4222;3523;874;5714;216;4675;229;1065;1761;1210;6190;7758;8931;5402;9593;1171;9492;5495
4963;8537;4263;6398;282;1334;4539;2590;129;4952;9810;6812;8807;8415;9395
1287;8951;8487;7725;2675;2042;5963;1609;3264;4657;3280;3909;955;5829;7608;1795
9629;1286;7065;5117;7799;5977;4206;8829;2414;76;779;7465;5890;3274;2373;6204;3722;7460;1354
1319;2921;2992;7780;3483;5228;1088;12;5148;8322;5553;4771;3387;7215
6275;5907;6435;927;4175;5840;1796;3169;9855;7952;3076;13;8163;9433;1551;4425;3378
8360;7203;941;4258;5808;5330;1879;1290;9149;2537
4724;8125;6878;9880;2133;7466;4743;7216;630;3191
3305;4051;2046;5472;8565;7712;692;5131;4201;3726;1179;1531;6064;5470;861
5947;718;3861;2065;8816;9242;1075;1678;5976;5507;4903;8859;5731;2423
2881;4118;9494;5097;8599;1792;2096;8489;397;8842;7387;1954;5223;3002;252;2435;3258;8935;1950;9510;8260;6563;7882
4525;1966;8614;3635;9975;3983;9025;2983;4745;2143;5554;3251;8462;3283;5196;9271;5756;3201;6195
5925;2019;7347;1256;4628;4640;536;1829;8486;1296;3021;449
4028;6031;7431;9160;1757;2387;184;4166;6211;3156;3157;976;7095
491;561;9369;1634;3997;8766;9554;608;8237;2733;5622
2939;836;1278;7603;5237;9230;3892;1534;291;7944
1838;1187;1158;5168;2542;2352;4580;8407;8214;1309;3105
725;1111;1384;1466;2683;2702;8896;3691;4033;4496;6350;6388;7386;7501;7596;3126;9304;9730;3788;680;5069;7488
7434;6655;3099;4906;969;4862;333;6714;8172;9438;668;2783;9784;1150;5556
7857;8903;3826;3520;332;7585;8789;6162;1826;9605;9388;447;980;3599;9232
1041;7253;1706;1252;8094;9625;387;9983;2452;2737;5219;6176;2025;3872;6817;6242;1059;9823
8691;1464;5037;2951;363;7014;7968;5595;2649;8544;1276;6257;5176;8114;5052;3984
3375;9672;458;392;3988;696;9568;8995;9287;6089;7385;9158;1008;3479;2341;2022;3171
6433;1443;4259;5730;2228;5149;3215;4293;9386;987;7690;6256;4240;3615;9432;5913
9105;5820;7144;3557;9755;4378;8447;7187;1176;3308;8423;1244;6647;8406;5454;2720
6458;1832;3538;2406;3595;6735;5994;5824;3173;2531;1948;2286;8693
424;3194;6681;7279;8330;3825;5599;2573;8321;9252;4801;7088;7797;7980;8986;3266
5766;7457;2677;6363;4400;8917;690;6292;4321;8253;1315;4049;9624;5138;5190;7906;9640;3384;4233;1283
9674;8052;920;6065;9074;6270;3966;124;7981;6214;2383;6874
724;2840;1440;408;8710;1822;8561;5300;716;1667;8132;8104;5720;867;4971
8490;4443;9939;2159;336;764;4292;4159;9830;4540;6376;2199;499;4781;3463;3322;2774;8479;2214;5234
3959;7895;9772;3824;2543;9455;4712;8858;9327
3183;1602;8201;512;7204;5468;666;1756;9993;6516;3799;2226;7984;3829;6561;5724;4469;1327;8564;1198
7595;3426;4527;3415;9857;4847;8235;3042;7150;4948;8799
1165;3792;8503;3673;9864;6948;3815;7531;3285;5779;2660;320;1753;9194;8714
586;8112;567;3904;8283;2146;7953;5732;2838;486;8837
5850;5671;7121;728;5851;6395;7983;9272;436;9967;9127;7938;8533
2155;4756;1196;5381;7504;1360;3593;9843;1235;2684;5793;8749;2646;443;8993;2464;7131;9989
2165;771;8705;1368;2194;171;5561
433;1500;9508;2100;7785;5312;9808;5960;3900;2731;2290;7502;819;2032;4936;4542
1935;2291;3953;8833;7611;7439;8644;9315;7976;6553;5360;4692;7413;570;9111
2913;6780;1962;1793;6136;9073;1604;823;542;907;7523;8618;4221;7704;382
7384;9777;3070;4010;4617;3641;227;5653;3421;945;3313;1410;2635;8127;71
4494;7969;8968;9666;2664;1621;2752;8399;1182;9401;5443
8432;2440;8255;339;4335;8653;5966;7455;2482;1491;9761;6976;2249;4851;6098;6226
4312;3653;5915;6281;7115;1343;6899;5899;6576;5831;1490;7029;5920;1915;2345;6134;792;6467;6371;2330
6335;2461;472;3474;4603;97;2475;8276;151;7532;2634;2970;1341;7433;7832;5982
7086;7985;7202;6258;4662;3037;297;7375;2085;1016;7565;7867;1074;6702;2997;4112;5270;4528
7511;1848;2715;5896;2596;4646;7111;6157;7356
8250;736;1356;6110;3957;5399;693;8189;1067;2640;6069;6203;4986
7992;7713;2077;8089;4658;9531;914;7345;1228;6589;1620;8325;3570;4965;4589;5543;3217;4818;2119;7551;5502
5368;2928;2023;2650;196;4294;1544;9471;3254;9957;6001;5455;919;7091;6674;5274;3965;5601;940;2758;2;8792
3533;8039;9189;857;5411;1381;9541;223;5092;9394;6225;6885;1450;6518;2430;5783
9734;1476;427;6544;500;4062;9163;391;3007;9646;9461;5023;971;9445;5900;6252;3555;7508;7230;3015
215;899;2721;4109;4198;4784;6076;6163;7475;8688;9071;738;1076;1249;1731;1991;3060;4958;5214;5496;7855;8147
2097;3330;6977;4817;4648;7114;6175;9191;8739;9103;9020;6951;7503;8382;5178
6629;3875;3335;6547;8602;3310;9190;1477;1569;5060;9456;6955;8817;2576;5787
3849;4526;5835;5755;8394;7346;1299;5606;4408
3395;5800;9623;9852;1805;9724;6992;2045;5314;1284;1591;4066
2224;4180;287;619;9278;3221;4319;2995;7737;3413;2018;6628;5477
496;4385;9322;6165;967;7063;2416;1407;8404;8721;1268;9298;5007;6017;1096
5405;3394;8839;1952;8609;1661;5139;3279;1931;3625;2954;826;3576;7182;2148;2948;148
4665;6534;6210;3711;2864;8367;3927;1493;1135;5288;1765;761;2478;7062;8570;327;8137;3241
5154;7388;8585;3678;2208;4090;9773;7318;4083;4868;9709;4581;8113;8291;4497;1454
4212;3835;2073;756;3131;8835;8717;4975;7723;6404;7261
41;131;1324;2265;5086;6104;6493;7784;8820;9179;9521;9848;1448;1195;615;1455;4260;5044;5395;7669
6798;2360;8087;2700;4588;8518;5526;5351;4106;1301;6029;6114;6640;5249;9527;224
7730;7833;8441;9495;2207;4117;6392;5814
4766;1497;175;8560;4356;1525;290;9509;2491;1072;9243;984;9162;7452;3836;162
4218;446;2421;5386;9863;2779;5053;2987;6389;6970;2866;6513;4440;4417;6337
7359;7041;9610;2398;3151;3255;9818;8589;5431;5286;8124;6830;8597;6552;2479;9080;1617;8110
270;1338;2156;4992;576;2205;3777;6144;7854;8751;9873;9953;2918;3837;5469;9879;7265
3783;3819;45;8720;5353;3447;5951;2861;6928;3292;8899;6864;5471;8671;3477;6873
9918;5074;5485;6578;7039;5326;3649;5510;272;9517;4904;2431
4664;3920;2925;7702;642;3323;7606;5564;2631;6472;944;316;9299;3736;1401
482;1429;4803;8364;6004;2044;9950;7084;4132;1496;4609
4695;185;8895;9254;3721;2602;6326;9093;5619
5417;9776;2020;4564;4467;731;9139;8550;8959;65;3012;5056;6949;7246;2074;9427;6390;1039
4145;1708;1618;2382;3805;6014;2070;102;2081;7706;153;1487;4547;7415;8362;6926;4739;3471;3228;572
3937;1100;3740;55;70;5185;6298;3583;2015;2809;7843;8278;7726;2178;1147;6709
2094;8513;9484;3459;5410;4985;1267;2922;2875;4635;540;9205;3198;4490;268
8926;2802;9614;2884;5225;8239;6739;4241;3297;9874;4545;3976;4553;8552;5743
605;9209;9557;2952;6311;8827;3078;2182;191;9530;3873;8384;4520
5670;7290;143;8375;8893;2764;1728;7258;3057;8658;8182;3535;9382;9644;8466
6035;3213;1062;2571;8180;5784;3573;806;93;939;2316;2973;9148;4134;1990;2321
2200;242;7296;2666;7510;571;7149;6919;1304;5494
966;9155;9600;5639;3496;4835;6991
456;7419;1628;9404;1969;5908;8265;240;8860;5358;6235;3302;842;8509;4752;2707;7655;1597
8572;2527;2357;4819;2359;3636;9348
3830;9938;6825;6018;1995;916;8856;9959;7123;7061;9859;4044;1911;5981;3695;7656;9524
3339;2940;9007;8524;7037;3543;872;6746;9536;4666;1126;5979;1623;3601;5319;8940;8967;241;5991;6124
3350;8651;4537;4399;1996;8366;6151;1386;5238;4881;4742;1219;8011;1236
1699;2772;2991;3146;4188;4227;5212;6819;7138;8343;8955;9396;233;679;1129;1173;1869;2211;6902;8243;9923
783;7577;9611;2955;8990;6038;9998;1250;1819;264;4169;3045;5827;2243;641;6751;7010;9900;3597;9316;2314
6811;1095;9743;3896;8120;2380;5188;3737;6651;4113;755;5377;4247;1335
4830;4324;7444;3319;6500;4065;1331;6;1876;6174;9555;8254;6923;5269;60;8006
6341;7881;6775;4093;3361;4317;1607;3650;4255;5370;1703;6911;3954;7888;8076;4277;2215
7294;4121;1714;4253;3422;4423;1138;9941;4785;7685;8444;6529;721;5752;3242;8128
968;9122;1593;3881;8191;3277;3116;2911;4841;5722;9632;917;8654
8228;3205;6385;7827;1144;3393;1946;8134;2912;754;6823;715;2847;9200;8181;7407;4655;8734;2678;8849;4584;5419;6577;5457;8319
2553;6122;9571;3930;9757;3098;3214;7478;6407;5582
3977;5718;8339;4703;609;1539;7542;4517;4284;905;2393;7779;7295;3467
1653;1028;6550;38;5014;2863;32;5452;662;155;8610;6757;7970;4043;977;6032
1672;8097;5847;238;1614;9685;886;4500;891;9713;3453;425;5260
8072;279;1511;2795;2477;4018;6938;9762;7108;7094;707;6750;8532;7814;4762;3708;1456;8594;3847
5021;345;7252;8716;9673;5794;935;8106;4786;1638;7145
4111;5484;8098;1843;7601;3061;5869;3971;1149;8475;5141;7987;5046;8448;3370;7401;7620;2845;3464;7755;5054;1685
5754;6608;3755;7432;1882;6022;3674;9464;2082;3863;840;9710;91;3064;2307;2793;3300;4405;2787;4032
1681;2706;6511;2412;3298;3243;5967;7578;5844;8419;3645;4726;9829;6827;4508;5013;460
4720;7941;8431;2521;5155;5818;117;8164;9622;2466;6173;4852;4576;6795;5637;9678;3458;8500;2346;6191;2929;1713;4956
511;677;4223;6961;7592;3536;4966;8554;9238;3629;1329;9725;1050;6723;5842;8961
6836;3492;7904;7568;7781;5039;1739;9539;7921;869;75;6727;4895;3859;3301;8395
1453;1759;5550;8092;8943;4927;5980;3628;6024;2113;8576;4002;6772
1026;6111;4094;6755;28;2672;655;4242;7210;6856;1516;8057;4668;5689;9854;5822;7178
6121;9414;3575;2071;6759;2122;4248;4789;6331;9216;5233;7868;2980;6867;6291
6320;1709;8459;4215;2375;1885;1141;3584;1923;7169;2557;20;5449
9515;2000;5615;9525;7636;7143;4955;7859;7696;4173;2177;5133;3811;5716;1465;298
1986;9367;5047;7421;5825;7761;208;6321;4998;5043
9583;7101;9050;8832;5566;9627;3448;4297;4994;7563;604;8930;2905;292;9113;4345;6839;6672;1332
1940;1038;9363;5111;9260;6806;5057;3901;973;4510;7231;1605;7278;3735;9689;384;2932;7918;4672
6254;5813;34;3327;448;4404;7838;6870;6788;3705;4193;1958;1492
1316;4690;3565;6612;2552;7070;5112
7377;2041;9022;8460;9101;7106;8071;9908;1928;8203
2187;6605;8372;3761;9812;3862;2637;828;3501;2241;4016;7926;2924;7939;3472;3915;8188;9693;1857;983
3710;942;5220;9145;3809;4040;1555;3893;4572;2391;5648;7919;5518;5791;2117;6041;3690;4820;405
385;2079;9576;4873;6441;8212;9436;3560;9462;657;1504;3369;3843;7152;7487;8295;8502
8547;2173;3919;8410;2078;5019;4374;2539;5285;4054;8171;4836;6808
5912;8252;328;5483;9747;6729;276;2530;9130;8335;8925;1251;3001;3858;2788;9446;6489;7790
9813;640;4772;4765;7498;6502;7791;6677;6722;2503;8024;879;889;9118;3906;7558;4454;6792;5354;235;4700;5989;6405
9595;1271;9350;2076;2999;9132;5022;4935;4220;5140;514;3773;4153;6333;2626;4069;5474;3789;6743
8662;7630;7441;8365;5409;7731;3250;2710;9341;8271;9733;8217;9245;8641;4229;6786
9704;5509;7057;3669;7622;7587;8142;4898;3113;1102;5421;6901;6053;4934;6881;3897;3170;7834;7613
9203;9086;1698;4856;6846;844;1707;3842;7777;6231;4937;575;3430;2326;9410;762;2961;6650
8424;4783;6557;7305;4280;9112;4949;7875;1646;114;8511;2749;2742
830;8669;9154;9488;9745;7172;3808;3667;9750;3023;2756;7209;6306;9309;7535;8607
4718;2417;5575;7406;5498;6464;2766;9504;6445;9228;6063;1222;8936;777;5002;1807
1921;6456;1642;7122;2621;3978;7479;6360;7694;1540;7015;9408;7133;624;7977;3814;8646;4978
160;7652;2972;9108;7675;5640;2826;2454;6850;7739;8307;8096;8257;6998;2350;5542;7232;2762
959;7616;7302;8512;3265;6450;9268;5273;2296;582;3048;7161;8690
1704;7243;3832;306;7982;5906;7073;1185;3851;5767;732;5590;3699;1890;1922;2288;190;749;9769;1933
3291;3334;4719;1666;6506;8195;3821;669;147;4102;8383;7032;9966;2561;7485;5122;3804;4471;3318
1218;7942;5943;6528;3612;1212;5735;7850;1733;3454;6710;9565;8350;5684;4007;4127;7950
8198;3476;1994;5325;305;1741;7660;3956;180;4969;8277;4747;863;7304;6498
2902;4704;8313;6250;2658;5216;6509;1867;6939;380;8055;5382;3402
1337;3144;4245;7580;1323;5545;8306;4460;3452;3104;8729;2910;6123;2895;746
5583;418;9253;7862;594;5343;9886;4620;8059;2493;5958;6657;1982;7354;2814;9166;438;9430;590;4554
1683;1893;2820;3259;4104;4689;6323;7303;7573;8156;8700;9291;1060;2589;2682;3404;3769;5107;5157;5438
6421;2879;218;7638;237;7181;606;7841;4643;6967;4910;5655;9259;6352
348;5032;1949;154;7768;6963;8738;1197;9459;9066;2606;6504;5024;8948;3176
7343;2642;7247;8456;9465;2897;2562;5180;2804;1839;5290;7536;1560
8398;8090;1729;5058;7623;7747;3854;6349;4003;6329;7206;6810;4477;6917;3562;6705;313
1049;1431;7159;9043;9669;5445;9771;8494;2538
6887;1200;6092;5298;6432;768;7146;6416;5541;3987;5859;1191;4278;1901;19;4172;8674
2778;851;6562;6362;4894;7163;4842;1405;7113;8377;9257;4351;3782;4758;9321;1888;4285
4402;8844;2833;3442;2880;6394;7986;9925;3571;248;5404;3152;6548;7610;6771
5513;4072;4661;7889;6868;1844;4748
2696;4004;8695;3267;5127;9684;3348;3359;3864;2755;359;3087;2985;2343;7339;2643;4570;1273
1157;7936;635;439;1498;1684;1220;3207;8159;9690;428;7034;3505;7001;7166;6972;4017;2523
2931;2823;9833;1495;5999;9357;4890;8386;8279;2075;4761;7197;7205;1887;7640;9320;7920;8045;1868
8129;4623;2111;6871;6283;1589;3379;695;5898;8515;1682;7048;4315;9736;2824;5738;6051
1953;4176;8622;1112;4600;4982;7297;6181;110;16;5308;7770;859;7735;9987;9636;4232;9822;8584
5135;3262;8601;6782;5952;6762;5236;3539;972;2899;3551;2331;6588;1305;3895;8764;3898;1202;7235
2027;3287;9590;2529;1013;8784;797;3951;2855;5436;7996;3096;3161;1389;1190
2828;2185;4916;7794;7446;8103;4654;1726;5194;4330;1441;1340;7517;4653;2449;8497;6844;5674;541;1727;1437;8141;5931
5115;6958;6280;4551;3165;6648;6273;5620;8050;4055;9607;689;6138;6415;8371
8798;563;3245;5159;5456;5029;1905;5955;2667;4647;8621;5125;8425;4705
5333;7524;742;9956;8586
5792;2334;7021;9928;2746;703;2191;9585;7853;9902;2914;7515
9516;8778;1886;6023;1035;592;898;9731;7307;4463;9352;9964;407
2298
2541;3622;4161;6602;9801;6745;521;7472;5555;5075;5737;4621;4612;9420;7786;602;672;622
4543;9783;8033;4041;5490;9655;9234;9532;4266;186;2057;9694;5179;5504;1850;1860;8774
4492;7119;5531;4926;1090;8385;2930;3275;6689;2770;8843;6695
636;650;788;2800;4941;5146;6324;6592;7399;8174;8538;9082;9095;9151;1767;2609;3368;7071;9842
201;7539;4313;4512;8506;4050;6179;2958;8067;5100;6129;3437;8401;2037;9839
6796;3798;4184;1377;2750;6959;7576;9135;7400;2088;4272;8118;5874;9513;3887;6905
226;2432;1802;3917;8020
6726;8836;2942;4981;2150;3963;4522;2054;8289;5776;8728;3019;9675
1577;1457;6147;283;3306;8014;5757;5446;9615;5961;7541;7999;4710;7319;6559;1710;6701;8773;1295;2885;2410
5565;3388;3229;8357;2832;5686;8698;2822;1333;1180;6426;5425;5121;302;9349
1432;9499;5403;664;2709;4605;8556;6974;7409;824;308;9793;5066;720;8619
9780;3703;2892;2274;2782;5695;3210;4120;784;1723;9110;7869;2835
2645;3117;8965;6568;3939;6620;72;9589;3567;8088
2578;6234;274;4840;4677;7958;6598;3914;5535;9153;5972;9444;9102;358;1624;8987;2656;8373;3365
6396;5505;6272;6851;3550;2807;1188;3357;5876;1470;900;4419;9551;4550;9199
3680;254;2740;698;8952;2608;4532;2662;3136;1231;5771
4358;7711;9779;6580;2362;6644;9098;3120;7020;8001;1012;6575;8049;1153;4155;5588;8397;9719;9988;330
4308;9239;9048;3734;518;9942;2964;6573;5528
2878;4307;8813;6915;7369;654;9070;8369;4909;395;8336;1314;3928;3940;7105;2903;737
5688;5685;9961;2978;8888;3159;1673;651;7978;9141;2519;5415;6526;3794;9407;6264;9356
8042;137;1930;6215;2714;5087;9946;7134;8539;7733;9204;9999;2229;681;4261;9664;3763;6706;9361;1987;4604
1459;9248;2089;3701;7891;1979;758;2487;5061;5158;2013;2256;6087;3054;378;1836;8625
289;6372;1174;9458;4250;4311;7310;9211;3137;4026;2324;4957;1226
1046;3224;8351;5841;5570;1738;4685;585;8913;9274;3765;6843;8117;4924;9511;850;3885;8666;9609
6094;312;4942;6037;4914;7337;6541;52;8333;3693;3044;3688;2425;873;9560;2830;9107;8041;5709;2318
7822;236;2630;6221;3200;8962;376;4048;8393;598;6361;6338;1855;5748;7274;4359;9301
532;4105;6978;4645;6036;1215;9716;8748;6233;485;2250;875;7424
4137;5675;5760;6253;6454;7509;9047;9785;1576;2448;3059;4893;4974;6230;6791;8354;8722;9208
8876;5704;4802;319;253;1834;265;7796;423;7972;6666;3577;4686;7321
9003;1359;6383;2084;8472;5623;2704;1109;5781;7425;1724;4590;2240;1662;7525
1303;1939;3857;4217;4269;5101;6684;9198;9977;286;340;1298;1951;2444;3795;4468;4980;5118;6539;8004;8777;8907
717;3377;8220;8066;5383;6401;9323;6540;1932;2974;5895;1396;1411;7140;1645;8736;6801;2340
9601;7383;7314;7255;772;1884;1873;5331;997;524;809;6820;8344;2201;361;769;2754;6876;219;2886
2896;2811;5703;4274;5789;2130;8051;1336;796;4438;1751;8591;8209;9501;5229
1817;1936;9526;6940;3089;9991;1255;1069;4943;4973;2623;757;6571;7024;860;6475
9502;6369;9849;6260;9422;3785;5113;4279;6294;1643;3547
4165;6218;7313;4634;6932;1907;1371;7154;4309;4318;1862;6187;5942;4907;7079;2374;5301
31;6279;3668;135;7022;520;4475;8988;3614;5628;5956;9027;5318;2591;9255;7363
2470;2052;6302;210;8709;8743;8122
2490;9512;9979;2593;9331;3381;244;2852;7823;1608;132;2953;9121;7684;6300;8608;8190;5198;3702;177
5230;6662;8883;4632;7128;1864;5036;6046;8741;1512;3211;533
4189;9947;2083;6503;6893;6960;5914;8953;6930;8218;3184;994;3056;8897;3261;8246
3623;7540;546;8878;8202;3644;3000;8542;9702;9387;8225;2322;4230;5559;2717;7036;7686
5064;259;9540;5938;8263;7492;2975;4714;4325;115;204;6241;7276;6679
928;2834;3639;1428;5660;2126;8992;9626;2283
9241;4988;1797;4376;3069;6156;7643;9392;7671;7544;5322;3968;6916
6979;9547;8249;4806;9965;9835;9470;4858;6595;4586;9426;6126;5181;5852;1717;839;6059;6918
9648;4838;7991;814;1124;3341;4741;453;3905;2669;4691
9030;9770;6997;1425;8762;1894;6020;7744;8998;2549;5832;3527
5310;3462;1503;6091;6494;8534;8604;9310;10;256;1451;3590;4191;4485;5934;6793;7518;7632;8464;8825
9359;9681;2154;5879;4436;8737;6742;573;7336;4457;9645;6581;3661;9258;6408;3903
2525;1660;918;3712;7892;6271;4578;7810;2639;9628;1399;3304;9296;858;351;9284;9373;7373;4740
90;9018;1133;1322;2038;2965;3475;3746;4077;6149;6307;6778;6912;7260;7397;7715;8064;8711;878;5077;5202;7248;7870;7935;8699
7775;3478;5586;8809;5108;1506;3441;4081;1350;300;7416;7335;4428;729;9015;3651
2176;2308;2212;6936;8248;6898;8320;2512;6061;1852;5801;5197;7418
3848;3052;4203;4149;2565;2502;8331;7220
7221;1193;1758;6449;5901;3154;7379;3062;2873;6754;9383;6510;4186;3461;4390;8374;2196;745;2869;9063;7871;4883
7959;3652;5650;545;80;2916;4738;503;9654;4209;1535;5033;6512;3469
5244;5600;7242;2237;6551;5289;2302;123
8851;8971;8794;958;1920;4370;2442;4637;8187;9612;7589;6957
8168;2242;4391;3544;3689;4170;7334;4555;3654;3484;1600;5780;104;469
7459;798;7442;3700;7090;9202;2325;827;5222;4194;2233;6671;7697
2051;9883;9440;5432;912;1091;6910;4080
992;1132;3193;6879;2563;1515;9561;3417;964;8812;2753;4850;2108;5581;2844;3549;9811;2153;6406
3529;1320;1689;2514;5450;6100;6777;9251;6505;5016;459;221;7807
3522;5091;4427;6554;9031;1579;4524;2883;2904;3964;9389;8361;6058;709;9816;4268;3561;8200;3619
7792;67;7365;8752;4732;6484;4860;9552;1975;9659;1137;6802;2882;6707;3833;8060
1020;1310;1734;2976;3286;3443;3660;4164;5786;8868;9429;1130;3936;4534;4563;5247;6514;6611;8567;9759
1841;3140;8945;420;7196;5388;5408;7109;8862;5315;56;998
1625;9926;2413;8733;7754;4197;578;7332;554;1257
1469;1417;2484;1549;6357;2601;2170;2485;9021;6560;3017;6142;4919;3552;2188
3100;4538;3374;9824;2612;6696;4872;1353;2510;5170;1501;9962;3295;2583;9538;2627;5335;2594;9328
6457;2048;9332;8605;7727;8731;2193;6828;49;6865;6895;8084;5921;5042;1177;7682
334;2447;1085;1480;1721;1916;415;4037;4244;4707;4787;6425;9115;9586;1217;1745;2315;3132;3762;5803;7183;8726;9696
6384;6824;931;9184;4020;7667;7344;1385;760;5067;4582
3546;7486;8924;5427;4014;9548;2622;5227;9682;6999;3470
9351;9487;3253;5729;136;3079;2125;1658;3787;9837;311;4148;3376;6093;8206;9723
1896;2028;7615;2613;5120;5949;7674;278;6355;6945;1055;8438
1800;4800;6315;1914;5873;6261;1774;9083;7167;6005;9246;3591;2284;5005;3938;7795
2312;2909;9699;7207;8301;1365;9603;9249;3894;5031;4831
6448;2898;6084;1705;5810;647;1746;4332;6859
107;711;2570;3153;3397;4409;6891;8630;8771;9969;1742;4333;3382;3408;3500;3158;5218;6896;7847;8413;163;2920;6047;6154
8810;4238;8788;2732;3127;8040;7759;2068;5447;7007;6569;4625;7798
2536;1206;6491;562;5659;7929;708;4064;1224;9563;5378;1711;399;431;8822;2854;2198;8675;3574
9065;9129;193;3807;2384;3418;5826;2784;2724;6519;649;7556;5626
660;7550;4154;1875;8061;8222;5293;421;4451;9827;5497;3563;4776;3617;8242;217;146;7456;2982
5916;280;7461;4585;8115;750;5304;2636;4616;4725;9439;883;5666;8767;5843;9891
4744;1123;1024;1342;2616;6488;3611;7805;4999
1992;1168;5742;3684;6342;9686;6274;2385;5199;9740;4246;6327;4031;4976;5745;702;7914;519;9739;5271
410;4733;1261;3465;6855;7411;9578;9006;2791;8701;9915;7831;1121;2692;4338;5658;4954;6368;7800;6942;7219
8070;1321;6744;7808;9337;825;6545;3480;1651;4075;8638;7788;5632;4693;9174
5932;7316;1489;8480;1216;5063
627;5011;9782;1083;173;5796;7300;2831;3011;4288
3681;85;8261;3093;2560;5758;9109;6935;9192;3016;8396
5679;3497;843;9064;3908;5267;8919;3944;730;8074;5649;480;8044
3556;2234;6988;6119;9587;3065;8305;4369;6178;4624;2767;1578;3603;1156;841
7292;8179;9;8578;5654;5580;4791;3869
8579;1837;7600;4199;8519;1773;1654;7471;2803;2504
7288;3206;5256;3727;3362;639;6747;444
2327;1550;9220;4797;6527;3167;508;9897;6770;3822;6202;8194
6934;7526;6713;1139;4322;1937;8298;1023;1899;4252;5712;5030;1406;5321;9792
4972;5694;4932;6947;8269;1021;2744;2574;4997;4039;6277;2121;4103;7964;7435;6680;5969;6728;2003;8293;4344;9688;188
8267;4947;2145;7545;9570;7569;712;5883;9905;5857;6109;4713;2872;9371
134;6367;3931;1027;5451;9217;7583;3662;4774;2181;9774;9729;4650;8678;5398;5006;1485;6375;7273;6116;4030;2624
8929;6492;8405;9496;2301;7047;6382;9029;5242;9453;1912;5106;954;1523;985
3218;1044;3067;5010;62;8818;3468;4465
5909;183;9319;7233;1010;1694;8706;8482;9399;6373;1941;6049;4716;7176;8178;7188;3627;8035;7390
1108;3646;9000;7828;9791;9437;4951;9803;1439;1146;2061;7572;1098;7912;6303;5059;957;4571;5206;6925
8105;6636;7051;168;9506;8908;6169;9124;9958;6209;7931;9448;8757;9365;4673;9937;5953;5552;3488
7621;9618;6546;9405;2313;7924;4811;9055;6466;2547;6079;9318
1277;1344;2933;5933;7066;7237;9250;98;1408;3694;5533;5651;6956;7083;9034;9370;9182;9821
3134;1806;1105;3486;189;6664;7038;318;4387;130;9206;2748;801;8939;9466;5834;9142;637;5123;2056;8327;7865;4226;1783
6439;5094;8355;7393;5020;9381;9700;8146;1181;5855;5630;7641;8270;3607;9543;9290;7995;7644;7245;1167;2248
1367;2509;9229;3759;5163;7804;2488;4138;4575;9846;3246;7845;2009;1599
3891;6486;1064;9901;8821;6730;6108;493
1547;8521;795;8615;7251;9442;8083;1712;3238;3110;1998;9081;9358;5936;7116;7745;5209;4340
951;9920;5401;6639;7672;5073;4237;5762;8595;6413;3600;1972;7932;8719;970;4778;9421;7497;2138;7626;1484
3130;4290;296;7927;7100;1001;6295;6393;8598;5515;7957;406;8884;1816;9264
5328;471;3513;9469;47;9767;4158;3666;7599;7945;8280;1934;7979;6351;5867;3756;5612;3014;3325
398;7666;2963;2515;4150;7157;2072;4833;1057;522;5865
2771;8469;5235;9428;3026;4342;4435;5875;5391;3071;7816;8468;2467;3050;5205;6060;6693;591;1475
3972;9366;273;9317;9985;46;4305;1663;2091;9038;2436;5307;684;1122
1092;3813;6462;9062;8434;57;5893;1003;2186;7217;6848;6853;9406;753;722;5093
5811;2008;7096;3481;9478;599;8;4790;1910;7490;329;8846;3860
8582;9270;8151;8341;7581;5359;6399;5476;1736;8452;4337;3677;1430;787;4256;1582
3091;9597;1154;4659;5278;3419;1272;9982
7019;8003;2489;8746;6305;374;249;9447;8232;494;4126;3329;9419;3932;5136;871;894;4214;2420;1345
