7712;1793;5068;710;8777;2080;8660;6969;1040;6248;2919;7338;5993;9172;7225;4134;5059;9132;6525;6090;2314;2838;803;8907;240;5763;4286;5094;6891;2930;6413;9109;7353
3158;9680;7729;275;1353;3917;2922;8755;213;7897;6942;2444;7472;2707;3066;2880;3654;3361;7064;3183
5013;8426;5381;2646;4988;3324;7702;4929;8879;1786;1051;1093;1712;405;9843;4551;9152;596;4906;6047
1878;2553;882;434;9564;9642;5420;2541;4473;7296
1416;2135;5027;4465;3488;3496;3466;3824;7464;6159
8114;5285;7939;5782;4644;4206;9059;1328;632;8940;2762;1220;7965;9029;7560;1766
9491;7506;3453;1304;1775;5274;5225;5760;7091;8084;148;1284;5842;7589;2056;8623;629;5211;5987;6073;7233;2984;303;7748;1893;668;1042;7846;3013;5410;7687;2102;329;2107;2310;5283;9907;7565;7166;4070
8833;1174;5282;4670;4797;6530;8237;7006;9965;3148;3744;1409;8852;4396;4470;6346
4185;7663;1228;1648;8;7525;5476;5359;3632;1306;9972;7207;6534;5431;1604;1605;2354;4164;4350;8578;13;7063;1425
1745;8884;1700;4382;3362;5322;2207;5490;6414;5057;1810;8221;6733;9420;2676;7513;6185;8468;9325;5448;5375;7266;3947;7092;4931;3404;6915;4730;6953;2328
2073;4791;72;2791;2155;3165;5754;1108;3459;3565;1143;5273;5147
4982;1988;3518;5558;4970;9375;5644;4353;8223;4561;8902;8160;8761;5406;1776;1128;5511;8837;8068;6094;9561;1144;972;5797;6194;9010;5146;1135;5820;7397;6214;4463;940;4040;7587
1140;9463;2534;2628;3896;6813;2208;851;4630;3955;9817;6932;510
8916;4187;7633;3253;5398;3892;2757;5474;9174;3448;865;4228;3371;5226;4146
9919;7175;9598;2937;9521;2231;1625;206;8627;8154;9182;8496;4897;2472;159;441;167;8075;5196;4541;7774;3305;1492;9238;926;2567;820;4552;2673;4995;3414;1485;8384
3647;6790;1138;2469;6348;8258;1629;4133;2418;881;838;369;2478;248;6151;6168;7606;1405;5889;8194;6853;4986;2828;5169;5255;6664;5433;1590;3058;7130;9877;355
1799;1495;2173;8549;5661;9210;1133;1377;1447;993;9104;5802;8596
3995;6580;6737;2392;7605;2879;7455;8945;6471;462;152
8067;3313;3986;5378;7945;769;4266;9581;5134;9905;9481;2506;3687;6767;1458;1506;7779;160;6626;8776;2031;5764;2299;2776
177;2992;5732;3126;6251;6519;6148;7047;1813;4732;3142;3230;3499;5250;8541
8583;9533;4515;2106;7099;9036;3567;8165;8669;4034;6536;6451;3570
4322;9639;9037;6623;9754;1732;3653;6875;2074;8343;200;8860;4697;5500;1554
6514;4314;3358;7202;8300;2768;1936;2335;9918;4253;3265;5173;7678;2583;7628;925;4619;8143
2852;2756;8757;2260;982;3812;8036;3836;8839;3857;9671;4341;1544;1706;1848;1834;9722;8885;7585;9373;4026;852;5070
1939;574;4848;9672;3968;1979;3210;7219;2235;7634;8129;6724;4843;1246;7239;1801;1837;9778;7785;4627;4559;9092;6053
9352;6928;2071;7987;2411;2548;1545;3620;5050;2856;4649;6039;1355;1097;5650;8930;6901
4520;7747;3628;9664;7110;2629;9614;9568;5845;5110;2585;573;5617;7471;6117;205;344;8310;8059
3070;4776;6353;4717;8259;753;6622;2148;1661;1219;4233;6561;4998;9854;1026;8278;2991;1695;6021;8540;8770;6219;2386;3889;8750;3403;6553;504;7423;7903;8273;9508;5430;402;6468;4708
9437;1851;7685;8240;8374;8373;2732;824;8530;2197;250;2309;6503;9043;5974
647;1564;6401;6542;4142;8521;5666;6438;9258;5964;595;4735;5172;8226;6551;227;5122;6253;3583;873;987;5876;9110;3193;4005
2304;265;4490;404;8079;7732;454;62;4548;8141;8554;6560;738;9657;4251;4309
3259;9160;238;3756;3765;2515;3052;2985;2979;4211;3067;3385;2017;2846;5891;5393;2223;2272;7552
7322;6376;2461;1753;9201;7944;4700;8865;7813;3612;9923;9505;3952;5633;515;7395;4128;5463
7815;6593;5193;6943;7546;8959;5228;9263;7074;4356;842;7864;3777;6940
1740;1035;3825;24;372;2338;7236;4711;554;1854;8436;6486
2077;9605;5618;4589;8146;6285;169;4525;1123;5056;4742;1210;9983;7261;6523
315;528;9205;5715;9134;401;7189;5887;9760;5302;8060;4673;8029;1906;60;1765;8687;7932;5545
3263;625;2566;4923;9679;6900;7668;884;8266;2275;5030;4024;2752;4799;1403
5109;8626;1909;9752;5692;5238;382;9553;8799;6435;5494;9626;1619;5517;332;6162;8337;1078;2237;3119;9641;6259;9377;4275
9742;6022;6069;7870;5356;7384;6418;2918;4892;6763;9427;9492;7062;4989;347;5962;3029;4715
6296;9808;3053;9780;619;6284;7339;4845;4908;360;7782;953;6578;3750;3293;8140;1045;2195;1761;2802;5428;934;7147;8767;4794;888;7291;5136
1206;2536;5436;5642;5804;6831;1056;5495;7157;4672;4193;5127;5913;1429;8629;1067;390;3347
1994;3217;5784;8873;531;1509;428;605;4378;8602;7981;592;3417;5043;2069;4744;1437;3163
1394;2373;6221;622;5624;1973;626;1527;1150
3445;6354;9022;2281;3541;5948;4179;5550;38;2940;499;5620;9219;887;8612
1397;713;8928;9140;4838;2114;1180;7526;1479;9378;2399;3147;8458;7113;7387;1512;5311;4096;7454;4496;6282
635;5780;7379;2404;1428;2591;3676;3833;1473;1000;2741;7717;7741;1167;1426;8222;1802;6147;4898
9969;4459;563;9405;3379;6872;8023;5149;20;764;7761;4503;6780;7604;385
6648;9850;2186;6583;1752;8685;1094;9072;7492;6949;2122;1533;3237;1015;21
5086;2451;4219;8123;9917;7707;7921;2746;101;3883;9123;4369;1314;4748;8720;9021;7279;7848;1166;6650;6516
49;2792;4523;6125;3486;3260;2058;5412;3386;7502;7857;5475;4300;5927;4997;9061;8830;3921;1820;7855;7071;9689;9200;5896;155;3601;5521;89
7321;5864;9457;2667;6753;1359;7241;8707;473;9644;4161;116;6456;687;4484;5755;7720;8684
3144;7413;3504;5893;2897;2201;6335;1779;4238;4270;2772;4306;67;5834;9721;780;1624;7542;8120;2523;5870;1063;7436;9788
7524;2068;9589;7873;5776;8593;2558
5525;3124;1199;3828;1967;3613;2654;6424;6637;6908;9871;856;1751;6388;2345;7639;9906;5482;2167;8135;226;8401
8821;3657;8196;5331;7248;8189;3966;1364;9242;2436;8158;5194;9580;3686;6074
1060;4811;9824;3249;9395;4972;3022;3481;8573;3988;143;3021;9380;446;893;2882;3359;1443;1809;8822;2342;6714;9350;5958;6381;2525
4854;8425;7070;9270;3187;3432;9613;7865;198;4629;7488;6697;5316;4177;9483;8557;8585;9465;2318;7009;6544;9724;2830;9895;2352;5097;5015;2624;7533;3592;6095;5546;1383;9802;1345;9944;7486
9682;8847;3537;9573;7361;6437;9188;786;5132;636;9303;5346;9709;3544;6270;2714;7150;6967;8673;8779;7770
6237;4079;1534;8490;3400;7725;5789;5111;6970;7274;4355;3456
6744;4775;8615;7849;2136;2295;3288;1371;4495;7315;2078;5699;4953;8812;7178;947;172;3307;4646;2577;8914;4942;1101;291;7432;8371;7186;6272;3233;9306;7048;1071;2730;9980;2539;7960
9320;4959;3032;1858;3698;6890;6150;9710;2608;3752;4766;8218;5345;1018;5828
4181;1325;7753;3410;7922;6595;6785;3175;4875;6987;6436;1360;1477;4201;1838;2;3962;5737;2004
8742;7342;6765;6860;1431;8758;6213;8429;256;1402;8009;334;1995;3722;679;4821;6416;7015;9555;4570;6951;5465;3341;8397
9136;6407;5051;8111;9890;8322;3739;3250;7128;5709;5416;3128;8274;9893
1520;8323;4614;8262;2703;4941;8580;8145
3136;2363;2699;8716;4724;3549;8759;3367;3990;8537;9930;1654;6839;2854;8686;5518;5847
94;5148;9599;1573;4417;5458;9560;6396;9064;7040;6985;7593;4104
9782;8718;1153;1079;4289;9572;8628;5092;9252;5921;7938;1334
3826;5833;5107;1543;1357;2644;3423;572;2738;2966;2600;9413;2522;2236;3087;7690;5236;5389;1016;3474;8721;8614;5247;4415;7182;3536;663;5195;7193;1484;6160
3679;5266;965;2446;684;1591;2383;5486
5310;8547;1013;7635;5641;9275;261;1853;7297;7674;8167;4209;2410;7380;707;3297;6755;9495;7457;7328;7735
3950;4928;3935;2226;5907;1803;3510;1342;8085;4519;6363;6481;3546;292;6255;6665
16;7439;3242;2883;2773;3343;7693;8052;4221;907;3958;1141;8646
35;7245;3634;507;3454;5288;3792;8937;1519;7039;5029;9324;4214;1374;5502
262;5945;760;7902;209;4921;7544;720;8640;1392;7108;1161
4039;1942;5514;2438;6658;3817;4620;6082;3269;7934;3922;1570;6070;9298;1354;927
6614;3003;4951;6483;9477;9251;5949;1882;5553;1382;946;2277;8741;8607;3002;8650;5489;5439;3554;7734;7214;9920
1578;7332;3495;7079;6184;3168;5276;2161;9466;8454;4637;6037;9921;7468;2199;482;3796;1423;6058;7431;425
3268;7522;7176;2213;2246;5166;5180;2492;8338;413
4375;1576;5021;8057;9246;3533;6596;2007;399;3619;5281;141;7490;4498;6508;1956;4849
7368;1574;9168;6672;1368;8751;1610;879;966;8006;3154;2839;3863
9735;4163;2877;3374;1049;4389;9421;7623;2247;677;3138;1731;6188;9240;5790;4795;8219;4046;8076;6913;6873;8209;4002;8589;8504
4962;3769;6990;7357;5955;1815;3810;9835;220;1089;3645;6023;8260;6955;9239;3959;9446;8564;5766;928;7026;3996;4376;4916;1932
7894;9052;5843;2565;2174;47;410;1273;4283;6152;3072;704;4904;2820;6104;5588;6925
1830;3909;1331;3012;3375;6182;6356;2116;7579;6768;9425;1033;1603
6625;8108;17;2419;6010;5593;7487;2496;8125;8364;1197;3405;9231;8871;2405;1905;7443;3487;537;3530
9278;1819;3662;1885;5956;2971;6662;8451;39;6290;8433;988;2413;2156
6200;3388;5673;1640;1243;8100;8979;9456;317;660;7344;1323;6630;3586;1277;9250
2280;4458;793;5413;204;7137;2242;6993;5053;2631;1930;3793;9203;4305;9768;5733;8452;4592
5014;4051;4150;3267;1915;5118;8801;9317;9365;8536;7340;8136;1475;269;251;1754;2559;1929;1083
4950;8367;2602;3207;5039;1155;5629;8692;5721;6448;418;9192;6963;8254;2449;9273;3438
4360;4596;7927;9316;3629;7335;1433;8393;5230;2777;9578;1645;8665;4964;8037;9887
959;4131;7956;9264;8171;6868;1651;6330;6801;57;5995;2278;1291;3588;9540;2400;5181;1275;314
1794;5874;6256;192;5679;7358;628;9391;3102;1567;2072;5865;7661;6876
1066;5630;6719;3760;6693;4825;5383;1762;8906;6810;8276;5967;2505;3078;3617;5960;7681;6740;5200;8188;4430
8575;7810;1082;8798;2552;121;3820;6006;8645;876;3475;8701;3426;8749;6327;5156;8264;8572;3859;4878;6907;8109;8269;4808;5741;505
1420;8250;9103;1396;4694;5295;9442;2582;3160;9100;3803;4189;6903;2783;2956;9807
3600;9948;9779;8242;6138;5047;7534;5269;8664;4691;631;6042
538;9011;1279;5569;2459;7211;3117;8862;6528;8783;3330;5612;9397;7799;1850;5991;241;1511;3664;7276;6779;6933;7750;3071;5883;9004;5144;956;3004;6716;4639;5174;858;3177;2898;4792;2560
5815;620;8233;8193;343;6316;3998;5256;6328;9383;6449;8335;6307;6948;2037;8782;2814
6425;9166;2205;7969;9398;5646;2262;1542;6389;7007;4769;6573;6547;8942;12;1489
9389;1582;618;4958;7196;436;2551;3206;7727;7795;1792;3241;7510;690
3603;9695;2723;5752;41;4291;6712;3755;1623;7731;426;8492;1705;4466
4075;1972;1418;4099;8439;8762;2521;964;4339;8674;2065;45;6888;582;3382;4573;4659;5142;2575;3877;3663;4909;6505;4933
7094;1728;1303;4351;4282;8705;9894;5337;5159;5105;2817;29;3091
7672;4693;7369;3520;9180;8949;255;4731;9002;1859;606;5840;408;5386;7997;1308;2916;2420;4101;8022;2429;9997;470;5098
1583;3842;2961;9230;306;855;2826;7281;5810;9281;4613;4549;4932;3317;9342
1092;4956;4837;6093;6817;9727;9087;6619;9862;3560;7254;5986;2220;9193;4372;1388;6365;1899
1207;8699;3703;4083;7451;2972;7167;7210;5108;1125;7271;520;2066;8175;8745;5035;2605;7117;2202;8805;8332;3515;3173;6852;4123;9541;6231;8622;3452;7319;493;980;9828;5241;8000;7553
9489;5427;8014;9000;2827;3482;5691;8973;7931;7947;4648;2494;9531;5232;546;3294;1947;7975;495;8210;6715
8901;7657;2180;4793;3473;497;8457;9704;5717;2467;5984;5869;2656;5042;7583;5360;2623;6100;9621;5524;5432;77;6379;4380;758;1120;7941;2512;729;5947;5131
1146;4522;1107;7794;7411;9994;5654;4056;4241;4703;7388;1343;8447;577
5634;6177;6347;962;8370;2458;2978;7832;2643;6121;3256;1072;1843;1685;5946
2475;5135;584;4756;380;1218;1310;5875;2524;6399;721;9401
381;1811;5313;9800;9692;7647;5343;8391;96;3799;9602;3978;6594;1644;1733;3927;4334;4260;3522;3742;8224;999;6169
6002;1281;109;4246;9191;135;2709;1474;722;1124;3512;3886;5567;8944
9343;4877;3700;7037;190;9776;7778;8463;7023;9744;7856;7967;4412;2123;834;8026;709;2867;6355;7260;5867;34;2118;8946;6954;3918;2431;3991;1827;431;3198;5450;8410;6881
406;6040;6713;4329;6228;4202;8694;7032;3636;4895;6370;6223;4651;4036;5120
4707;7059;7101;6734;7653;1971;4316;9853;9440;5863;137;5415;1025;5185;4362;3708
1990;3460;1636;848;9635;4828;9962;1790;5275;5600;1780;3096;5778;9013;7860;1466;8868;6602;8169;9177;9202;2844;4218;5850;6331;4108;5681;6141;1975;4226;396;6043;5534
8201;1039;2873;7790;8597;7529;7203;5387;600;7973;2957;5182;4689;9976;5309;1781;9550;299;415
1062;2367;7882;1249;1375;9937;1823;9634;9393;2271;7543;3984;9195;365;3559;5207;6976;6124;5822;9574;4587;712;4977;5501;3470;8311;8180
8644;1750;6406;2188;2689;4203;9815;8828;7312;2638;8341;6128;6212
7183;6880;9291;5515;1214;5366;3419;259;2036;6190;8190;9199;7104
2232;215;4467;561;9107;6722;4572;9667;9618;2686;4535;6091;9484;5297;2315
7925;1821;6752;5746;5586;6865;7001;387;9471;4308;6576;5483;9455;2948;3416;5503;2437;340;8205;779;4643;5596;9372;1317;7662;4750;3646;5677;4472;4416;7951;6691;4333;7691;4143;4439
1181;9766;1259;6333;7518;7962;6666;6838;2848;1339;7751;2171;774;5903;1395;5215;8326;8712;5590;7914;1958;3277;8319;9065;5966;2774;8394;7638;8296;5473;6186
3555;9734;7124;6460;307;2390;4896;9968;3566
1387;8289;1017;2219;9801;2630;1760;3688;6539;5972;5952;8935;5168;1296;2282;8474;5033
5103;8976;5361;9795;912;9461;1419;9084;54;670;8291;7834
3540;1684;9093;2113;3001;4753;2787;5477;8253;2033;950;1814;8298;1963;4579;8215;2119;6372;283;3155
8277;514;1012;5855;3094;3036;7837;5075;3523;6771;4454;3497;3223;4064
1502;8771;9759;7759;1230;6992;1514;9896;1245;7053;5607;1294;4384
5348;8475;4621;9697;3296;8978;2365;2256;643;9400;5602;4424;6430;4254;2780;737;7971
3960;4783;5294;5580;4497;5794;1944;8324;5293;4208;604;7331;5950;8897
4054;2147;9206;6369;4478;6075;4328;2942;194;2169;2910;2061;1480;9926;9326;4045;8542;6383;1677;4968;5578;7452;458;1599;9164;612;835;4822;5006;8739;2653;5888;2571
4574;7086;6552;8168;5606;8206;448;8872;379;3428;2462;6816;8616;3900;246;8726
9253;10;8936;3065;9820;744;2729;8715;4517;5581;7143;6856;5219;3699;829;4137;6291;7682;5096;6848;6837;1052;9545;2674;9236;1061;126;6906;2134;7155;8747;3272;885
7992;5048;1370;7348;581;4118;8915;6556;2809;4406;8182;7537;2947;9414;4080;8882;8199;3780;4586;7641;8031;9627;8648;2903;9498
7763;1535;949;3231;8997;6690;2099;9272;8550;9534;4924;7221;2737;3064
698;9756;633;5807;1957;4884;5453;1708;3564;6776;1919;2030;7754;9750;8654;4537;4605;4287;9731;9474
2369;2041;5591;7440;3033;2996;4565;4188;5584;7163;1569;4866;3867;2414;2754;819;785;1112;201
9300;8960;1282;1601;9030;1836;3457;579;5976;2796;1326;1523;8703;2618;2428;8297;1798;1338
1324;6493;6261;3015;5299;2696;4136;8207;6538;8486;3937;4111;7629;9266;6643;15;2959;9851
6590;6287;3019;7398;8327;2974;4249;8421;2381;3748;7392;3881;8678;8359;389;79;1309;1992;7523;9135
3669;8440;5003;2728;5753;6122;131;2098;1022;9650;9031;2967;1694;9019;2986;6017;9020;909;5114;7843;7666;2212;4106;1244
115;3795;8321;1476;7103;7811;5674;2340;9344;2717;3056;4912;1524;445
7127;8477;8479;742;8064;9183;5286;6620;5349;7327;5728;5905;5262;9468;904;5278;371;6358;6521;814;6692;9732;64;648;5682;9285;461
437;3745;1048;5592;4171;6773;4429;3790;5206;6035;4939;8859;7877;1642;9190;8888;9607;539;3524;3916;4077;2965;5165;3901;7311;6818;2564;5040;5705;8192;6112;3992;3491;7458;7174;3979;5254;6480;5798;7325
7095;6612;1742;5928;2341;5568
4698;7530;5505;7480;1169;3354;3762;9430;9873;8598;2504;176;1587;7017;7473;7420;3201;6603;1241;1041;3914;8307;7893;4399;6061;8163;207;3389
4867;1463;9714;3585;1748;4557;8857;9127;9964;1126;6757;1450;6116
7136;1321;8506;3997;449;4471;1401;1038;699;6761;5426;9914;3731;8563;7096;4395;7650;9165;4834
9751;1884;6056;8526;922;3399;5217;8588;8781
3300;6352;1723;7787;2886;3188;1200;9889;214;8795;8133;3579;9814;4979;6426;4192;9934;7820
163;9885;7933;4410;1553;165;6217;2578;5468;8208;3097;8172;9987
4224;1703;7821;2885;1043;3694;9908;3856;5719;9026;6555;730;7917;5101;1638;4303;3443;4401;1456
8920;3092;883;4684;139;2424;3219;4427;8772;5740;2939;8366;8895;8038;6501;113
5803;6004;8890;2204
4894;7578;4102;6332;9047;3402;7659;479;1380;7303;7711;2471;7920;5044
502;933;6063;5513;4243;4624;548;8002;938;2251;1020;1739;998;1059;1730
801;5216;3848;9773;7501;2861;8611;3135;7569;3239;3214;7713
4285;7859;3993;3279;3355;5535;9501;5190;6055;2632;1184;253;3596;1665;5765;6009;8340;3831;5272
5512;9338;1224;1267;8606;6178;5848;5287;2489;8864;8471;7680;761;2435;8662
1156;5694;5879;1109;7905;3963;1736;4337;3948;4067;2726;2920;5975;5422;5556;5460;7165;2998;7482;4194;9957;501;1965;4615;3394;1946;696;7477;6717;3945;4963
968;955;469;996;5665;6166;9082;7503;9366;8455;6871;8035;9584;2905;5301;5020
5710;6465;3649;2127;3880;5469;4175;9629;2758;3811;569;2211;1718;6929;4144;8680;6835;9606;3712;1494;1084;4158;4831;5031;9449;2614;7883;2035;2430;7256;6924;4553;125;5824;8110;5252;4400;5655;3387
2799;7909;3816;8249;4826;9940;2427;4999;5506;5920;3339;4443;5063;9056;3500;9929;9691;931;7437;5220;1783;4880;7060;3738
3413;6234;2393;616;533;7804;2884;2357;403;7264;3713;845;9055;6704;7683
7955;5779;1568;2864;8339;9063;6788;2484;5264;8934;3607;1472;9631;509;8752;6443;6278;4598;936;4145;3316;105;7192;9315;1614;383
970;4236;2086;2533;6041;9283;6497;5407;4347;7827;2684;2375;7539;7899;9226;7475;5751;6989;9472;4946;5868;6680;3174;7226;914;5632
2276;9419;1312;2254;6937;5292;892;5402;6562;1774;9469;9091;9148
6301;7852;689;1713;9755;7535;6739;941;3345;2765;9448;284;7191;9805;748;9559;8416;5772
9685;4533;5197;7483;1529;6684;4090;2987;8088;2636;2994;8200;1145
5890;7324;9117;7508;9516;5579;6922;3866;5548;4058;9302;4690;8305
417;4012;794;1724;4432;3213;4307;6496;6216;6633;7077;4653;6405;9716;3101;3380;1678;5526;9304;1653;5830;3775;7630;3936;1902;9051
2027;346;908;1676;9544;3899;7801;9394;90;6297;9725;9149;9114;6067;2305;7995;9336;4239
8503;86;5351;7249;1032;9736;1358;3030;7469;551;285;7607;1788;6232;8150
5401;9687;2408;9173;5533;4409;6803;9597;4876;7058;2434;1202;6811;4733;8288;8601;2509
4050;3437;1287;8214;749;9144;4638;4370;3356;2842;5622;287;4212;2179;8690;5425;8361;2303;7428;1630;4993
6439;2540;4160;9289;6964;5419;7895;1268;6751;640;3103;2528;3192;5659
9970;8482;6034;5208;1655;282;9767;2929;8342;8943;9841;7005;7363;7045;7550;4313;9586;489;7389;7777;5237;1027;1177;8363;7479;7509;2398;1681
906;2669;3673;2899;273;8823;1968;1129;6338;1525;8400;1446;1413;9443;8183;864;8910;4678;8164;3467;6510;1251;8007;6796;6097;4569;3043;3818;9528;550;6766;324;3860;4861;5395;7648
2924;7854;6344;7700;391;7767;7206;5158;5179;7610;597;2760;9711;7027;1421;3150;1865
2831;8025;913;2111;7288;1552;4606;9044;2778;7382
8719;1090;9669;7676;5965;7500;8498;8730;1390;8574;5062
4297;7736;6176;3322;486;2964;1663;4273;8495;9666;1448
5421;7780;8591;9215;6224;2617;1895;523;2736;6340
9570;7301;7268;8689;6260;4632;3814;8101;6500;8248;3116;6409;2321
1546;1862;8974;3587;3243;4364;2698;58;8116;4245;2770
5712;5652;5391;5886;3328;4991;6080;5547;5609;958;3311;1849;7601;2896;7697;2016;3678;6129;979
5662;7930;5221;1391;61;5355;4464;8998;1076;8524;840;7724;2511;847;6840;4191
7218;460;8096;3572;3427;7190;4302;5657;7722;5854;5485;3590
7966;2786;2612;3529;8303;1959;9567;138;3548;8024;8709;7850;4359;6661
2793;76;2601;8360;1318;3303;9137;5258
157;191;2013;6139;4098;2621;8510;1675;1682;1744;3511;5152;5257;6600;2323
7689;7898;7302;1646;627;8708;2858;2510;6981;3240;6610;1778;1699;5573;7980;5528;2503;2690;3809;5055
7514;3050;3338;3299;8870;7401;7152;8379;1795;3401;5718;1839;4654;9249;4601;7478
4809;9536;5992;3939;8173;2675;4657;3701;9482;7654;9058;2514;8700;4200;2279;1688
2944;1257;1910;9656;9150;2070;8620;216;7246;8566;3044;9556;3743;8584;3306;8369;4509
9088;1933;6827;3;5370;6582;9288;5145;4092;6014;8793;3000;7718;8984;1622;341;5317;802;8272
4114;6018;1672;9911;7041;8055;7390;5268
1442;3318;1981;1800;6065;5731;3433;1931;6286;2391;3835;6455;9548;6605;3342
6698;7575;3178;8900;3040;1404;9221;5354;4846;6513;9625;8331
5342;2178;9746;4743;7293;5061;3614;961;6495;6742;1717
2026;6565;9311;6403;7714;8832;6158;4174;9563;5128;3981;3507;1923;3350;6709;8517;863;6479;939
3641;3494;6442;8095;5924;6156;2488;8086;313;6;9977;9781;7511;3463;7869;2416
4170;5229;5234;8061;7784;6477;3602;8267;4900;4752;4278;475;4419;2317;5023;37
6591;7613;4250;2759;6886;8768;2500;4663;1393;9740;529;1914;5873;2250;4830;9313;2264;4383;8345
6931;3051;1471;4240;8484;6196;320;7403;2840;8106;5748;8243;4018;4167;6904;7173;2670;8411;5509
9223;2145;1917;5510;2829;2291;5727;2660;1341;6371;3069;7227;6543
7450;7617;4636;6601;4178;3582;1168;7567
3435;3212;2003;5933;7495;9675;6240;860;4014;4125;11;7496;9194;9897;2360;7953;553;5720;6387;5859;5675;2203
8349;9818;9694;6778;836;5658;3569;8308;9233;118;7294
7305;2823;5078;7972;9713;9018;867;8668;4526;630;7646;4004;5895;8074;1239;2658;659;2460;984;9181
8185;3391;2440;9255;6736;6245;9096;723;642;1185;2060;2837;6378;3770;799;3112;2273
30;1058;5817;2507;8105;3690;2312;5783;5899;9963;5417;5138;4074;8113;9245;7655;747;7624;5205;7686;3604;3932;153;7924;4157;2222;455;1608;9261;442;6520;2825;7573
4839;4276;9434;8281;1913;1065;9863;97;8459;8066;2190;2225;4232
331;5328;8050;3483;2192;185;3965;1436;2143;1539;905;8330;4860;2253;8348;2160;8568;3951
9875;9718;7706;8151;465;1508;7710;3185;4580;5223;8855;7768;361;5116;4190;7205;3236
9337;218;496;8948;8844;2085;4847;6329;1920;935;6382;5792;839;4411;535;2351
4343;3018;4061;7964;7366;7445;9143;2093;8239;1743;339;3608;6326;7715;1381;9408;6113;8877;7616;2926;8507;7861;6464;2182;7465;182;9813;6283;7949;3340;414
7699;9959;5367;8987;3017;1286;692;4324;6175;5978;4479;1613;4722;6263
5769;4611;3209;8698;4805;8683;9834;5944;3890;8624;7011;5104;2149;8688;8395;5191;7097;2133;9432;5660;4486;6846;2925;542;5332;522;2270;977;5844;7126;7351;1014;9757;6793;2465;9886
9728;9086;5133;1890;4539;1976
5837;4032;7065;5814;5980;1329;4925;3086;6060;3373;8494;6305;9228
2164;5002;1439;6183;6702;3987;290;7290;9369;2158;7418;9601;9027;6579;3944;5637;5818;6701;8408;9904;781;1782;6411;3020;4669;2648;9454;5894;6678;5362
7901;7703;6814;1468;7287;224;2349;6032;4169;736;1935;4013;7561;9053;9715;1242;9538
2389;5082;5559;4560;6469;7038;5065;5178;7791;1876;4112;9610;8406;6462
3106;1741;7913;2378;2835;9196;8925;328;7983;1864;9765;564
166;4299;4474;4538;1660;1562;3773;4010;9777;3506;2038;8149;5093;4391;8407;850
4071;7566;3191;8653;4835;4398;1298;1970;7958;7316;719;1845;8049;2615;9542;1649;4196;9381
6896;4457;5304;3635;1628;1521;1513;295;219;9122;3591;5901;407;5714;1804;8268;3321;8963;5853;8617;1689;4453;6935
7858;3464;2010;1046;4425;3885;1964;674;1221;7547;1139;530;2659;5707
6045;2598;4751;5235;1260;7507;1806;2224;7906;5300;244;2249;1869;1597;1530;438;9996;7148;9054;3145;6293;1486;1620;7462;8513;9774;6741;6857
6663;6280;9367;8931;325;4127;4222;5307;2474;8446;5645;4947;2933;7394;9833;6108
2083;4450;4357;9901;2529;6654;7618;2890;1231;1960;3037;2542;8263;6710;4248;500;3378;6445;9098
5852;1808;571;7935;4948;5872;9648;4773;2546;2241;8501;1503;6859
7580;976;671;1863;9958;1639;7299;4679;7946;2456;4011;7942;6864;6674;2530;2740;8789;1691;3166;6829;9836;230;6485;3170;7270
9077;2336;6028;8247;7385;5507;1192;5716;6878;6350;5192;6084;615;5459;9702;9806;2988;95;4881;2159;8245;1460
588;7198;8892;8032;3976;1037;1861;6478;7425;5289
8856;3141;8357;2313;3110;9787;2376;3490;7141;2196;7131;8318;1950;5470;7138;8295;1266
7538;356;2705;3344;8651;358;491;2330;810;7999;7024
3915;2165;7976;3888;9522;3176;8576;1897;6800;2745;7868;9677;5418;309;7080;9418;3725
4568;1507;5464;7776;8525;9761;4468;199;3218;1720;1110;4556;901
8613;9227;2701;1547;3122;9658;4789;4521;3171;8271;7442;393;8827;4180;71;4710;3827
4371;7230;5451;5487;6756;6923;297;4675;1009;5405;4543;6391;1487;932;6206;8543;6137;766;6310;9438;6774;2977
5597;902;4767;6243;611;8413;3556;1069;6730;447;6729;3854;900;3749;5026;1007;843;9524
8056;6830;1208;1481;5245;3658;8412;2266
7161;2936;5954;7664;147;874;7347;3977;120;681;7421;32;1560;4746;4798;5446
733;7377;6247;289;4926;6824;5544;5081;701;8473;5010;6669;602;5175;511;6390;6681;274;6527;3054;8941
3630;9345;5604;4676;7185;1727;9079;6791;2023;7371;1229;1198;4891;6398;4558;6187;9960;895;6484;174;7749;9431;8053;6393;8325;3940;1400;7968;4237;6173;2557;2325
323;4344;8375;2609;9499;7838;6688;1822;978;6444
9587;3137;7019;6606;6726;3967;8912;4823;7887;1212;6671;3167;9407;9858;9998;6512
9726;6025;3757;1789;5491;7872;1280;9840;311;3759;4149;3088;6841;9659;6894;5267;8161;787;5088;3312;3451;2347
4336;2120;3791;5647;9276;4683;5499;686;4660;2807;5931;5466;7596;6242;8840;5735;3180;8791;3597;1634;4492;2874;6077;5137;3038;4422;4331;2810;5471;9321;2046;154;8696;6958;2146;9562
9748;4020;7013;6218;4436;4342;8594;5408;9593;4217;1952;2812;8290;6250;4310;6961;7806;8748;8625;2473
8028;7393;2476;7493;2374;4504;2358;6135;2362;4155;8808;8044;1598;1159;9329;1461;9690;4323;9939;252;3127;5825;798;4154;7890;1457;2447
4661;3956;7087;474;2415;3134;7817;975;2821;6723;4719;9121;7586
8476;1918;4902;4444;1467;43;6927;4269;3254;7144;8853;6417;6624;4421;7766
4140;2157;1669;7069;9888;368;2131;8835;823;6146;7591;7208;7940;6570;4451;7408
242;4477;639;1510;1398;1227;6119;7280;3100;8639;4911;2311;8019;2871;9335;9673;2112;8734;1493;6306;111;2952
9678;9074;6676;9118;5739;5877;5280;3468;5880;1302;3412;5016;4607;6288;9247
173;771;8980;9111;1896;8863;4021;5004;357;3181;7162;2712;2677;6321;2372;6786;3535;2333;8592
9823;7908;589;3133;5713;170;3336;2508;8481;9951;4072;8638
4500;7911;4969;2422;1002;2193;6526;5680;7111;6679;3063;995
1165;6233;8181;8159;2798;9585;6506;5072;7816;354;5836;6000;4641;5347;6842;4234;7098;9222
3082;6644;4658;2931;3949;8661;1926;725;1551;586;7984;1891;6024;7592;5403;4550;8881;5605;4257;4593;6564;8445;9094
5019;2722;7520;8450;8657;6052;5409;2018;9770;2993;8282;6972;9655;9999;4001;9551;3732;7374;4702;7688;1389;2613;4244
366;6392;4695;2019;6550;5601;8792;6762;2229;3335;8731;3290;7885;7154;6154;5761
7620;7320;3246;298;327;7555;9410;5695;7232;5188;8667;2652;8065;322;8246;1883
822;1116;6636;4810;6759;5000;806;1464;2296;890;8013;2162;6883;8058;8775;4290;8156;2766;5898;516;8461;9967;2750;9269;8138;8137;8842;1516;1667;8280
3156;8824;5312;9175;9235;765;9952;832;4734;8999;7762;5866;560;9619;3406;8011;8388;4856;254;6782;8448;4554
1770;4862;5279;4609;6467;2790;5141;5163;9225;8711;2640;6758;6030;7022;1726;1006;2789;6884;870;8996;3125;3261;7362;3855
1445;8663;5516;4110;6772;2348;2797;6337;156;132;264;3893;5953;1238;2029;6995;2951;812;6410;3229;9032;8756;3903;1662;5985;4874
467;2960;6902;4819;3774;3323;2520;5585;5336;7177;7067;5390;7481;459
623;9592;4612;4920;4662;6404;4223;9363;6850;9743;7577;5333;91;3484;2678;196;1607;5628;700;3409;7929;4749;3123;8511
5911;9256;7378;9623;4073;7228;3655;2868;7874;1232;2100;4890;7085;8442;2596;7400
3704;981;5774;373;3108;9024;4365;2891;5823;9292;7851;6787;2501;9478;8954;8981;3830;1707;4604;3912;1191;6092;6592;7726;7216;208;3327;4882;4035;4761;1255;8198;3563
1096;7035;9301;4671;8670;9237;789;266;2081;1749;8102;2769;3834;7943;1812;5796;9473;2610
6384;4917;9138;9318;4448;4656;4413;3584;796;1738;1647;2397;9360
270;1541;6165;6254;3266;9444;5742;7950;2679;3672;4418;1528;4377;862;6446;9660;5090;9803;8304;4901;2748;4682;645
3718;4280;6130;9717;3068;3550;4115;5826;919;8252;728;6867;9857;8848;8438;4652
831;8600;5363;1984;7598;5543;4899;2497;817;3461;3651;8883;1247;3368;3146;9758
8875;1271;80;7886;9855;2724;650;6705;4404;8021;5635;150;2141;4992;7600;3304
3014;2761;6919;8017;420;8174;1444;526
5934;2649;1840;2902;9891;5849;6427;1922;1028;2715;3557;666;7029;6885;5690
2361;7993;1559;4387;6114;14;2953;1873;661;7406;7313;7036;3661;6127;3271
3369;4198;7916;7051;6809;1196;6264;662;8320;6191;7275;6498;2183;4940;2927;5102;3195;9596;211
203;8184;2744;5988;8733;6854;3016;9012;6273;7652;8301;910;3911;6079;5121;3553;6323;6609;498
8020;8409;9520;3471;5423;4647;6412;1674;7879;7107;6470;5461;4066;4786;8763;4859;7595;5892;6628;4532
2316;5871;3599;4029;8964;1664;1666;5938;9287;6789;277;9557;4405
7447;3884;2999;6667;646;6988;2857;7066;2771;9126;2406;3060;5808;8994;1556;5611;6760;4681;1505;2691;8938;2834;1305;3730;4685;8353
9312;6447;8764;6898;9632;5357;544;9286;5649;545;1222;4642;5704;4967;6805
55;5994;1747;9546;4165;2806;7412;7197;2034;492;2402;6659;9133;2189;9706;9789;1903;6978;1236;8610;5060;6268;1866;10001;4727
2059;5555;9229;7684;2452;6997;3159;9124;5884;1657;2813;4085;3695;5625;7156;8528;2749
6207;5036;3898;2125;756;5977;5372;6615;6777;8706;7404;1021;5700;6015;9892
7460;2733;813;8043;2412;6400;6433;8806;1351;6634;763;3677;9319;800;7476;9067;1276;6101
7640;9838;4053;5560;352;127;8695;9989;5745;3666;6102;456;5708;2574;9771;6807;9860;5323;2751
1142;916;3621;2685;2923;3577;3568;2990;3650;3763;4975;1179;8212;7350;9947;7052
8119;4578;6920;2239;9978;6749;2627;1791;1211;7259;350;8103;8929;8430;7360;6062;117;1709;1170;6983;4231
338;7119;4049;1617;4003;9038;3226;9265;8971;8722;6364;1997;5335;7637;7265;2290
9290;8785;7665;2366;1023;5327;2734;7028;239;7068;6770;3505;9299;75
5583;1621;268;3161;2108;9385;2642;5821;8559;8204;6802;6048;5493;4686;374;3778;7422;4330;9163;9189;4139;8487;1379;688;4806;2794;5106;4745;8926;1680;872;1504;2599;1373;3735;6798;3224;5626
5085;9171;1692;1344;6668;8672;3352;2516;18;7134;4030;2562;9830;875;9510;3711;9902
7055;7159;8203;9017;8697;9243;3189;7739;231;5150;9224;678;7453;734
7309;9435;6203;8788;920;2808;1440;8774;9129;9811;655;9445;717;5435;9068;2339;7467;1488;8287;3682;9884;2901;1586;886;2138
559;6738;5726;6003;8590;249;4985;2468;8898;9517;6380;9213;6170;4000;9497
3758;102;8966;3771;2221;8027;5724;2543;7021;4259;7989;8849;6905;8676;8956;9504;144;1626
4388;8921;9355;9847;3221;3381;397;9146;5139;6533;3534;4829;296;5540;9825;992;6020;4774;954;4546;3844;258;4562;1763;5522;9645;4687
7889;3046;5678;3729;3806;2433;9185;2006;6909;7033;5340;9783;4528;6222;3843
924;8951;5177;31;7517;4008;7812;2261;1068;6359;2457;5204;222
8535;378;6651;6098;2913;7008;9125;280;6687;3408;1434;1189;6882;5240
5775;6317;1831;2371;6153;4352;7764;8876;894;3871;1264;2243;3734;6828;6220;6957;521
1627;3325;2954;7341;9494;110;570;815;3232;8846;7818;8632;9167;1887;4485;2483;3503;8437;1880;3705;3169;3741
5697;6299;1333;4296;9211;3252;942;3199;9913;3625;7867;4186;7758;3595;4714;4394
8702;2934;3709;5770;9131;66;69;2421;3111;3753;1248;8743;7612;2482;512;4788;5443;1451
484;8008;2975;6054;8419;8372;3789;164;6489;7334;2319;1300;5077;2320;7792;9849;4869;750;9439;6289;5170;1030;739;8519;4414;3964;8464;859
107;9503;5213;6522;5689;1490;7978;4779;624;2718;9993;9924;9683;8127;5497;2836
1178;4699;9936;1086;2683;7326;2274;9048;2519;9254;1163;7876;5570;4312;8054;8515;271;2946;4097;9362;1961;1561;7644;4476;6016;7046;1937;8553;5073;891;2481;5530
2092;9323;9643;4267;9955;7704;2743;5861;8499;846;3278;9450;7632
3276;7649;3764;8126;3714;8467;8744;7283;8804;8302;638;5161;558;2423;2153;3726;1171;8641;5684;9294;3039;2024;8889;5582;918
1422;2289;1417;7675;2911;8561;1453;3376;4081;2288;5744;481;2269;488;3235;6979;7937;8831;2498;6549;4759;3751;3784;705;5897;9128;4820;9145;9915;6081;3479;2104;7622
9809;2387;2731;7050;8234;4987;1955;8529;2945;9883;1555;1989;2755;7255;896;9464;4955;3447;4584;4784;6044
7825;741;7370;9928;3845;2043;4284;28;3308;5552;7365;8449;8241;3351;1087;791;9653;5380
9792;4934;7354;2396;3862;3894;106;364;6638;9208;3633;8418;9041;5729;6038;5399;2862;6320;4093;9458;1175;8522;3853;5034;6408;1205;7349;181;6994;8551;6088;9565;1104;9331
351;5557;4760;8891;8740;2039;6532;9346;2788;3615;3624;6806;1050;8727;2439
929;4907;6277;634;9617;5330;4132;7204;830;5126;6402;6910;2198
6161;6140;1295;2832;3852;9280;9374;6535;9518;6956;9700;6836;598;9785;7694;3528;5377;508;4321
5444;4677;782;6066;1136;228;9701;7673;2054;3919;2973
1974;3315;5747;9712;5795;3234;8083;4182;7140;4317;7359;1465;70;4213;6965;566;4542;682;7912;2493
5785;4487;5914;6892;7116;1874;973;4966;8922;6511;2356;5542;4120;8283;8315
9839;1226;103;4785;2382;9819;6584;4281;9322;1737;9600;672;6889;4853
8790;2850;1313;5971;5049;3611;775;3079;9986;7986;1384;3957;4581;2881;7292;9333;9588;8389;1637;8216;5623;2084;3295;1162;9330;2234
3113;543;1683;1455;2982;4381;6157;7090;9525;3706;490;3274;2050;8213;4728;2144;2554;319;8045;3129;3080;5651;8381;7308;3085
2526;9753;4461;1173;3370;3804;4626;9663;9102;9;2995;7112;6657;6529;7438;2064;3674;8586;7346;7466;5353;6281;5989;7405;1363;2665;2915;3838;5414;7132;4973
6126;4780;8392;1367;4277;4655;652;1767;6991;8508;694;2388;557;7771;1029;2637;2532
195;4512;3077;8565;4319;7012;5143;7170;7948;2403;2248;6198;5577;3980;8485;5750;4172;4633;8147;4491;6172
5922;6201;3691;7209;2470;3851;7337;6459;656;1928;8314;3153;9308;697;2589;4836
8227;6587;9810;1722;644;9988;6675;3314;9668;4162;7708;9139;7554;3121;4242;5982;6463;7002;727;4037
8838;3139;3913;9008;6313;3270;444;614;1771;8886;7314;2870;5344;1673;1454;1983;9090;2062;6975;1501;2329;4796;9046;8656;5706;2129;2441
7304;1894;5912;7548;8861;3971;4438;2110;6314;1117;7188;613;9676;5990;3707;1001;8001;4718
3132;8834;7572;7679;8972;8144;9057;5902;8347;5184;4812;5339;3616;7557;2021;6239;4527;762;1289;9204;1962;2079;2015;5400;2490;7721;9060;2087
1650;7959;9984;1941;3648;7521;8845;3075;9985;5314;3721;7603;2200;9248
1319;4855;5028;4704;4420;1940;8493;6421;6238;7845;6700;6986;1686;4195;841
6345;6295;3696;8378;2763;8387;3008;3280;4865;439;6597;281;2569;8658;8560;8765;4060;6111;5115;1696;8773;4591;994;1871;9903;6822
2887;5793;5455;1729;7129;9506;6482;189;6051;5773;8414;4905;1985;3329;7926;8480;7115;1616;2588;6163;5756;3961;6632;4858;3041;6096;8737;7645;5598;5734;4530;1710
1234;657;2286;5951;5447;2980;4817;6517;8333;5791;3934;5291;4019;2908;8677;9014;2904;9661;9688;9476
2860;1702;5125;119;7215;2454;5384;3526;7658;6143;4585;412;4095;6422
7284;2287;5643;3837;1589;2185;51;9739;3819;7576;9880;5396
3580;9035;3685;795;1548;9708;4885;81;4910;124;1158;2932;1855;6819;5627;5315;4889;5668;9485;9106;6132;3182;6877;7426
5076;1131;5321;9974;9039;8682;9931;2545;593;8098;4764;6309;7463;6604;1668;1024;5539;5041;2968;4575;4664;3310;1073;6174;6795;809;6524;3365;9274;4850;7084;5932;4042;2708;7269;2324;9262;3421;1385
5910;7484;6629;5251;4446;2785;9912;4960;6001;4631;1588;1565;3449;8807;6826;6586;8162;6695
44;3610;971;5599;9527;6367;9130;854;140;422;2244;5298;8520;1575;880;6005;8456;7187;1031;6652;3547;92;4816;9566;1114;683;9681;9698;9447;7928;7863;2259;6269
9594;1538;4590;7545;6581;1787;6265;1898;805;2485;5851;788;229;7441;4567;3455;4288;4935
2681;532;9040;4007;8072;8063;9169;8732;1631;2453;8723;9310
9340;5017;7621;8724;480;8919;1274;967;9640;5963;9954;6395;9539;5064;4600;305;5052
6673;3140;5069;210;3798;5290;5032;3319;9216;6171;6982;9390;9156;3422;6847;2417;7625;9296;3397;6374
8841;2819;5480;3508;1011;9402;6428;5809;1252;6843;5334;6917;4247;9973;6649;7757;5686;2055;8202;5904;367;6718;1183;5067;5736
8270;7470;9049;8428;2584;1164;9353;7597;2680
6087;8404;3571;7459;9762;4726;9927;7504;8497;8107;9882;3377;3364;877;5531;9307;8402;4832;7695;9486;8078;8329;2258;974;1784;1716;4386;7505;8825
4721;3440;7310;828;9865;4119;8176;7461;9441;4109;7814;9341;8555;9827
9080;1759;3151;1550;6559;7345;2137;2014;5095;3925;7562;1070;4701;9358;6515;9867
1611;9868;4006;9981;4047;9257;7982;1187;4930;1105;5672;617;6845;8787;6557;1217
3089;8544;3120;9938;1047;2803;6858;1106;3805;8911;1352;3031;4787;3872;2020;4762;1879;7822;664;3906;1407;5537;8285;7093;6099;7277;6452;5587;5424;7701;2395
757;430;6031;2466;5376;2815;5249;2088;1888;5388;3659;1835;5519
5218;2268;4063;7427;236;4506;9384;9971;9452;1100;9467;186;8312;1954;8423;6440;930;2091;4511;7272;1999;2187;4361;2337;7615;8729;8813;513;4068;578;2538;6893;2989;9479;451;3754;5762
93;180;8675;9023;3081;1004;2045;9277;3286;2914;6029;1132;3220
3929;7847;8230;5969;8093;8286;8187;5066;7444;4841;8570;5981;1186;6567;5277;3642
245;2005;7998;2853;8577;7333;9436;1414;4625;1336;5222;276;2518;2105;2209;3501
7491;9872;1907;6869;5429;6627;675;8292;9975;5243;4385;3076;3282
8356;2894;6131;8051;8967;899;3333;9120;7364;8362;7915;1483;5812;6103;6689;6537;8991;2742
4367;2350;9396;7220;6707;552;1361;6720
4534;9763;337;4582;1721;8947;1499;6653;2132;8469;5248;6013;4945;2949;7590;168;5900;6136;5154;6375
8220;637;7262;6420;7692;7180;7878;9416;7076;353;2053;26;8502;9453;2616;1075;2963;702;3864;3348
853;2486;4124;6660;4229;3442;6598;2784;1491;4135;7977;7880;9630;7449;3761;9232;6179;3807;9025;4583;3024
3941;6423;7106;8681;8299;658;6938;7918;1842;2284;1949;7737;4577;767;5438;4126;7796;2368;1757;3162
2487;2576;7489;2215;179;130;7474;8380;849;9791;4016;3353;3516
576;5441;9844;825;3493;175;3258;1003;7954;6607;5563;1977;997;2928;5722;5918;2568;751;9001;603;5186;5882
1532;9848;8399;1010;5038;1764;9982;1927;6645;2426;7651;2572;2142;7075;5648;8896;8952;1435;4980;1540;4807;6325;1497;9295;9749
188;960;73;735;1137;7512;1580;7273;1602;9357;3930;8803;9737
5862;7381;8619;3879;1459;8122;149;9382;9151;7515;3062;1193;9979;3255;9729;7900;6072;100;8010;3115;8346;2661;6059;6566;4431;3238;9460;4129
2958;8571;3905;435;9241;6764;8217;3823
7073;1758;680;1386;9487;5058;5504;1860;9529;2380;6204;2170;2094;3683;1916;8046;9595;3104;5572;8989;3908;5371;4062;5943;7042;4483;3291;3717
6276;5996;4481;7549;4338;5481;9730;9488;7608;9608;2327;4320;1900;4524;3665;1225
4864;9214;8294;1080;7866;1659;7252;8257;9176;440;6300;1725
476;2012;7083;5523;8569;4205;6244;6262;8488;6844;943;312;9198;1432;4272;1074;3194;9950;9244;4738;777;5757;7135
8652;1134;5392;567;2634;8710;5271;1558;731;6155;5917;7991;184;4949
8157;9376;2855;3933;8545;7149;326;56;22;4456;7240;6476;3558;5885;5923
1362;6945;5325;4781;1921;6998;3292;4258;7485;897;1044;453;9941;2587;4311
641;527;3876;3800;5071;6639
5551;4402;2130;6226;6746;2811;1852;1299;145;63;7434;7300;8422
4166;2635;5117;8932;536;7936;376;5045;5839;5129;6540;7201;108;591
5595;3093;7181;784;9612;9260;2593;1335;2255;8869;3870;1773;1332;5562
330;278;6944;4031;2845;5908;8538;6089;400;7376;792;8344;1115;5183;3084
7061;6050;4984;4667;5253;1372;4493;7200;7643;1987;3477;5457;2000;7222;267;2607;3498;9878;1585;6453
8894;1172;7355;4326;3418;6225;6748;3055;9417;7282;7194;8982;3462;3850;6825;9115
7044;377;2042;7760;4870;4089;2051;4814;4482;9347;4944;9399;4936;8874
3626;2463;3281;911;8552;8368;7772;6011;568;8558;6311;9992;3639;8047
517;5364;3034;9821;6008;8691;9696;7642;7800;7671;989;4833;9162;1149;6362;2706;5615;7636;9796;8087;1285;7738;2407;386;1868;1566;8097
3366;2697;6123;5100;9537;8992;4292;2096;7798;3492;669;7988;5527;2535;667;4513;676
4173;6324;6727;8350;8962;2455;6454;5404;2384;2700;8090;7985;193;9799;3407;2735;7803;8465;466;506;9705;8115;263;6783;5123;4304;9523;3972;1315;3384;3895;9234;2892;4937;1579;7581;4770;9569;1693;743;1330;9831;4346;450
4318;8797;4757;3485;8969;6799;8728;1925;7829;2563;4368;5411;5318;8081;9707;7153;4623;7802;4800;2191;2633;23;3874;5564;2912;3689;1531;8048;7996;8003;7563;7373;1697
6571;9535;5811;4452;9670;1154;6318;197;1269;878;9900;9069;6351;4373;8532;869;9772;9745;3262;2625;8313;1755;9368;3035;3561;1618;3643;607;6167;6743;1746;8396
4994;5696;9157;9009;3337;3197;3733;3429;3227;1643;4156;609;4555;3684;6208;2721;6611;5768;3393;3794;4852;2172;6303;2032;2935;3320;8142;9033;1053;8030;3514
3985;7237;4616;9662;7;233;6568;5233;6974;4475;4976;2057;2238;9636;7238;9784;5777
6019;7003;1671;6202;3808;7696;5199;4640;9769;5970;7568;4216;8040;9515;5688;2651;7142;7000;4824;8460;8516
6366;4720;8139;2044;2379;5319;3931;7819;2177;4043;4065;2301;7367;1991;2907;6349;9332;9699;6267;3289;816;4009;7330;2641;1826;4358;4442
6475;9720;4268;6474;4729;411;9426;2151;4086;1656;768;7250;3861;5767;3782;2592;1055;4617;5379;7541
9628;5860;2888;2334;4227;9576;2233;7123;8306
3970;3675;409;7844;9991;3476;392;3107;1924;8244;6946;9866;4393;1536
2782;4274;432;3772;9804;7251;7773;2409;2517
1399;811;8786;1462;9949;790;1904;4151;2257;429;2620;1263;3049;9590;5037
9543;1408;2805;2401;2876;8390;5263;2263;478;8760;4499;4954;5046;8489;3222;7034;4712;3668;359;4088;2875;7020;3098;797;5999;9075
3245;5326;1711;503;7172;8191;754;1290;9155;4674;4141;2499;1118;6794;463;7974;2495;4103
9284;2671;3257;6711;5373;4392;8405;4665;4540;5685;2909;3787;5702;1945;4564;5925
8800;1953;2666;7247;8977;8818;2579;5671;3441;651;483;8155;7004;4197;8427;6049;8933;4204;983;6808
8843;3130;7160;8983;9547;9910;8826;4447;6685;2001;9852;3298;7536;732;2307;7677;8197
5805;9348;7133;8382;6640;8284;7540
6862;8415;9579;5998;9995;833;8527;5919;8238;621;9942;5454;4117;9327;5639;4599;6076;7755;1633
8018;3581;4488;9638;1188;394;923;9267;9624;6068;2464;8671;7433;9864;5308;9943;8424;7808;2216;8636;2581;416;2711
6897;1993;5113;6457;7498;4871;5915;5462;9933;8679;7125;1635;243;3446;4740
3897;7105;6781;4279;653;1796;9406;9066;8993;2479;104;4434;4264
471;3179;1121;1376;4148;7352;3057;5124;5153;6106;6339;1615;665;3768;1829;6563;8738;8434;1088;1807;5140;1911;8251;1452;3372;3225;2450;1632;871;9042
2175;1209;9071;7419;5619;8531;9105;9898;7752;1127;7158
4345;333;1320;6589;6971;4235;9101;6930;7168;5743;7243;345;9006;4207;7356
7979;6899;2326;6588;1350;7231;3839;42;8005;2713;5565;2767;549
2626;8904;7990;9909;1478;288;2294;6246;6980;8582;8478;5239;8939;5382;2513;6541;6558;5610;6071;5025;398;9513;7532;4603;8917
7556;1111;4628;519;3105;9733;6745;1690;6696;1270;5074;708;7957;5011;1833
2443;9859;7669;1889;2917;8923;4256;2547;4441;8130;8816;7145;4801;6572
9113;4379;8595;3946;8261;7881;8556;8069;6142;7018;3887;362;9158;4622;7582;5941;8236;4263;2900;2306;7516;5080
4426;5270;8518;3552;4293;8851;4873;7258;9945;1872;3420;4943;1337;9268;4025;8403;9856;4595;5758
9652;8794;6861;2343;2833;3184;4872;599;7836;4494;8435
5771;257;2049;2976;3660;8893;2657;9870;1609;8104;8817;5813;4971;8358;300;8961;2866;1571;4827;9170;4688;2775;9558;4183;4225;8746;8655
202;8918;1856;5670;7195;9361;6775;8905;2126;3273;5916;6236;9786;1892;8754;6546;4594;8186;8089;2981;8546;1102
951;5498;3472;3692;88;8867;1441;9532;8766;575;1157;4974;6441;8309;2154;2747
4252;1772;6461;3594;8866;5930;3994;6613;5831;524;4618;8548;5819
7807;9424;5;2292;534;5631;2595;1670
1828;27;8386;2693;1034;2240;1596;1998;5701;9861;9846;2863;8599;5801;8092;7884;7805;3801
5616;7267;7667;349;540;7224;7082;4739;8621;6682;3164;3543;724;5284;8735;9433;5656
1537;3411;6343;9519;7223;6618;2095;9015;7323;9016;3983;4184;5640;3465;4765;9775;2662;336;9604;8604;2889;4790;2090;3747;5488;2556;6599
8509;5358;9512;6879;3724;8235;7088;4502;4445;2322;3578;7229;7875
2298;8829;2394
3349;7626;3480;9741;3989;7611;9388;3332;4755;4981;7907;2893;5687;1091;36;6294;5151;7558;3954;9411;2025;6110;6912;9005;4650;3920;985;2580;3026;8970
9451;9349;9552;3190;2353;9459;6647;3216;65;6360;4914;6252;6706;2047;2841;2795;6419;7769;6107;2619;53;6012;1195;3652;7862
3606;4965;5084;1213;3849;2906;8015;3519;19;2561;9119;5532;1714;9076;9693
5244;9050;6450;1262;5711;8836;2664;4176
6334;7081;2009;1215;443;235;6747;9045;821;3326;8854;8062;6304
5788;9500;2128;4772;5201;9085;5261;2445
395;4374;4531;1415;1316;142;7765;4610;7139;3605;937;9179;5227;9184;1410;8714;1698;3746;1356;3023;8042;5703;7399;2011;8796;2692;7121;3027;2710;2531;279;9925;4082
4301;6229;2432;6792;9386;1832;7963
6431;9764;3431;8634;1658;5472;74;9095;2477;6377
4455;5478;7494;703;4813;8955;6046;541;5224;1557;4028;9218
5203;5575;9354;7100;8784;6585;6832;3627;7745;9616;1825;1785;3114;7043;1482;9966;3736;2997;7823;5827;5155;9922
3766;3631;4048;4851;5007;5856;9622;3767;8279;5162;2818;9297;587;4480;2550
2364;4978;7797;5571;1498;2650;7528;8533;3637;3200;8352;3942;1347;4918;2719;1346;9953;5693
5306;5816;9490;8316;7016;1908;3697;5434;5730;5759;6502;4927;6914;8635;1103;8039;6487;4709;5112;302
2283;6315;4996;3716;1204;3907;1064;2639
4091;2040;87;1938;2206;8587;3007;4437;1592;6036;8850;1912;5496;6887;3264;2214;685;3813;6608;2308;7574;3244;2297;948;5878;5663;9507;4754;3196
7670;7742;4354;4680;3786;7295;9946;7839;5209;6057;5838;2865;3208
3048;4152;8121;2101;162;1948;3875;4100;8153;3009;9571;221;6499;915
4084;5089;691;3715;8016;7171;1288;8913;8666;1593;8988;7343;7744;1594
146;4153;6575;6432;8354;6472;8118;3436;1237;3910;5467;2570;5167;4723
654;5385;8819;5781;3923;8195;6298;9314;6279;3869;7952;5667;4913;8444;3396;1203;6507
6181;3509;5083;804;3083;9379;6189;9514;3211;4510;7789;8117;5296;112;6934;6631
3982;2544;7698;2227;9747;1250;3430;4868;9703;9646;4983;2425;8811;4863;5799;3517
4736;5940;4518;4725;2822;991;5374;1365;4215;9530;9309;1734;6241;3434;1085
7049;6027;562;48;7826;6133;1411;1526;2181;4113;8033;2097;2293;6488;2781;5676;6750;1307
7089;7120;6292;237;3458;3667;4210;6394;4390;837;4844;5091;9387;3284;9371;9876;2604;8820;9070;1980
8441;9282;2983;6683;3392;5968;5320
6731;3656;5957;8328;3301;9842;6804;7285;861;3383;5725;1881;7896;5749;9647;8903;4038
3287;5456;5603;9738;9916;4255;716;5452;5841;9609;8466;5786;2184;6918;8293;6033
4262;2194;5164;7402;9577;1438;5189;7435;6725;7184;4230;8878;6656;8385;4460;8815;2847;5906;3203;4403;9961;1122;1077;9142;1152;7497;1857;8177;9423;9116;2355;866;5212;5242;8899;917
5997;3186;7961;4122;9470;9359;2063;963;9869;7656;6984;4815;99;2109;827;1327;4645;7253;4903;1261;2727;2869;5202;8317;4033;8443;3576;2491;2022;1966;128;6085;7709;4433;8231
3521;6491;4015;6754;6275;3815;2962;3131;2672;6670;9429;8958;9187;6732;5397;8128;7448;556;7719;7499
9649;2076;1768;293;6249;7396;7054;7386;772;3248;8094;4840;7146;8643;7746;6728;1875
5157;6554;2166;7417;3973;583;1233;5613;1176;8990;4961;1704;8179;580;4428;4327;3785;9665;5350;171;8336;590
7456;2082;3415;7289;4107;5983;6473;9034;3074;8725;8975;9582;4435;3424;1412
3011;9334;1500;3776;5973;85;1934;9154;7970;7114;5437;335;7728;4116;8134
3720;7841;5621;2804;6504;50;7416;1340;342;7828;1817;4516;5176;6921;3444;8637;8957
4668;3737;9684;9502;2103;1095;8470;5979;6205;5079;3118;9509;5935;3623;6926;6466;4818;2895
4505;8968;4705;8148;1258;7904;6064;3593;7383
33;5231;129;6109;8225;6434;8012;9611;8132;6357;6397;6655
6646;1978;421;7286;7705;9083;8605;4768;5574;3090;7278;4440;3095;7835;6193;2285;6699;9078;9279;2878;321;3924;2150;4076;187;1847;4952;1297
6545;2302;78;7164;6086;4804;6336;2115;2859;9603;134;6820;8432;2800;6235
4298;4159;4576;5449;6308;9797;8693;1679;7244;4340;6708;3573
5260;1606;4462;8562;4;7594;2739;3865;752;7298;84;9932;5484;8880;585;2611;1572;8908;2228;889;3285;1223;2647
2816;5130;7391;2720;5520;1130;3969;1595;4529;7842;1253;2688;2655;1036
945;3574;6960;370;5394;6368;3346;384;1901;2359;8256;8228;2969;8229
5929;9719;3926;601;3525;9220;7723;4294;4588;6319;5554;1349;487;3395;1113;9422;2668;9428;161;7242
4199;6199;7414;122;2663;7571;158;5305;5008;6812;2008;178;759;433;3228;5324;6078;3723;7831;6996;7609;6823;3938;3562;8717;5198;7409;9271;2124;8073;952;5608
1054;59;3149;8603;6686;8713;7519;9409;3061;9099;4508;1715;4469;8398;9793;6386;3331;4635;9615;1265;8659
8099;9526;2163;1563;5636;3779;5909;6115;6509;4271;6361;8131;3841;9798;718;4883;783;9197
9654;8924;6144;6866;2117;3858;485;424;2502;2938;2537;9404;9496;3589;388;8232
1311;7740;3247;1777;2594;6197;5669;2590;8080;3680;1986;6548;2645;5018;133;903;2682
1151;2028;9475;3821;2764;8365;7307;1496;8631;8858;4078;745;68;4449;9637;2218;3469;5022;5529;5338;2687;7014;9112;1182;4888;4915;3047;6145;5549;7910;5369;2943;1019;6134;844;6531
5445;706;4121;9790;6966;778;4747;1366;2801;9178;5638;9028;5541;419;4017
5341;4332;4802;565;7619;7446;8112;294;6735
1515;6936;1283;9153;1886;1641;3478;1147;1008;3847;9549;363;3671;232;5365;8071;3545;8523;8814;7429
2694;4325;9415;7775;2702;3882;4348;3010;82;8647;1148;464;2002
3275;6211;2067;2346;9209;5835;2048;1292;6458;9147;8334;5012
1982;1005;4879;4547;6257;4602;9207;9879;2265;9161;6797;3006;818;6784;3727;7919;3357;6911;5352;3205;7030
9212;1769;9339;4507;3904;2176;4408;9554;5171
7010;8500;8986;1735;990;4501;8211;3868;8802;7257;3532;4957;1190;8377;8995;7793;3575;4758;1194;1549;2549
2597;4634;4990;7559;2851;868;1816;2622;3489;9591;1600;6518;9686;6641;7336;6947
1522;6230;3059;5538;715;7631;9392;1278;3829;7531;308;8041;318;1430;8649;7830;3598;5881;3390;6494
2217;7584;714;5265;3334;6274;6258;5368;212;4022;8965;472;7599;5479;6373;2555;7179;6769;8985;9990;2704;9089;3531;2075;4027
3681;898;2955;7733;610;7410;2442;7743;2843;3710;2385;3943;6312;6952;5959;9935;8355;5566;9583
9493;6026;3045;1301;2052;3740;2527;4763;9881;1844
468;5594;7031;3042;2606;1322;4023;3283;304
8483;957;8420;3846;6916;2573;6215;4261;5829;2448;5214;6950;9794;9370;7994;1378
6999;7151;7564;2332;4886;5787;7235;7730;5536;5099;4349;5926;4938;5303;4737
7199;6821;8534;8579;8453;6118;4566;1867;427;9837;8505;9511;8417;5001;2267
1098;3099;6833;5589;8927;4696;7372;8810;310;4545;8265;6617
1756;608;4597;695;9633;9575;4220;5806;8630
5664;83;1584;5054;3622;944;136;4536;7102;6973;8633;4423;7527;4571
6703;3109;3028;225;4919;6569;2779;3302;8091;247;5329;1272;4887;5210;3644;6120;3802;5576;3891;4706
123;5939;494;301;1119;7118;5683;6429;2725;8704;755;1805;6105;8618;3073;3172;1256;6266;7660;9305
3702;2970;4893;9062;3527;6635;4315;6007;4514;807;40;9812;4069;3502;2377;1160
5846;98;9003;1652;6895;1057;7109;6959;8255;3873;5653;4052;3928;7057
9293;151;2168;5937;1348;5723;6863;4716;6192;2210;1424;746;7788;726;423;7212;3974;3797;3670;5160;3728;8769;4057;2872;2140;4407;3251;6164;8809;7430;2331;1235;9159;4138;3152
2716;4397;5561;2370;8950;9259;9956;5087;1449;5119;2586
6322;6941;6227;1943;3781;6855;286;9351;857;2480;8909;9108;1240;6210;1841;8383;969;8581
1577;5961;3450;773;3143;3202;5858;1099;6341;7756;3513;1427;986;3363;1581;183;3999;9081;4147;8753;3618;2941;5440;7840;6694;375;8275;7329;9829;8351;3832;7786;7853;547
2849;3360;9620;1870;7716;9480;1369;4713;2121;4087;477;10000;5492;6492;9874;4105;6415;3215;673;6209;6851;3025;4489;7551;594
1612;4842;4094;1470;1201;5800;6342;5832;3953;5259;2152;4130;4782;555;4295;1701;2603
8512;5614;4265;4922;9073;7375;6977;1293;2950;1719
4055;4771;9356;348;2139;6962;8178;9816;3398;7614;7602;316;3840;3539;6577;649;8166;8034;7078;7234;6849;9364;2300;4044
9822;3822;7169;4803;7217;1469;5508;7424;6874;4666;3783;1518;260;3439;9328;1406;1824
8431;525;9403;5738;52;8004;6195;4777;5857;5009;6574;3975
4041;9141;7025;3309;9186;8170;7783;4608;3538;7056;217;4692;7213;3640;5942;6815
6271;7263;7627;234;7781;3204;3788;6302;2753;8124;6677;4544;7871;7888;7923
1216;8778;9462;4366;7072;9826;272;711
9651;1877;6616;8953;9097;8376;770;6083;6968;4741;2824;4168;8152;2921;921;2245;8462
2252;3157;7317;8472;6642;8642;7824;3878;5246;4059;7570;1687;8609;3551;6870;8539;9899;740;808;8077;2089;8070;2344
8491;7809;1517;3902;46;8514;518;9674;4335;8608;693;7833
7588;6180;1818;2230;25;7415;9412;3719;5698;3425;5442;4857;452;8736;6490;6939;3693;7122;8887;5187;1996;5024;1951;223;6834;7891;6721
3638;776;5936;1846;7892;3005;9845;6149;9007;9723;1797;826;6385;9832;2695;8567;1254;1081
3542;7407;1969;4563;5005;7318;9217;3609;7306;8780;457;4363;6621;4778;114;8082
